"1",3,5,6,7,8
"2",1,2,3,5,6
"3",6
"4",1,3,7,8
"5",1,5,7
"6",1,2,3,4,8
"7",3,5,8
"8",4,5,6,7,8
"9",1,5,7,8
"10",5,8
"11",7
"12",1,2,3,4
"13",1,3,5,6,7
"14",1,5,6
"15",1,6,7
"16",1,3,6,7
"17",1,3,4,7,8
"18",1,2,4,5,6,7,8
"19",1,6,7
"20",3,5,6,7,8
"21",1,3,6,7
"22",1,3,6,7,8
"23",1,4,5,6
"24",1,3,5,8
"25",1,4,5,6,8
"26",1,2,4,5,6,7,8
"27",1,3,6,7,8
"28",1,5,6,8
"29",1,2,3,6,8
"30",1,4
"31",1,3,5,6,7,8
"32",5
"33",1,2,4,7,8
"34",3,5,7
"35",3,7
"36",1,3,4,8
"37",3,4,6,7,8
"38",2,3,4,6,7
"39",1,2,3
"40",3,6,8
"41",3,5,8
"42",3,4,7,8
"43",6,7
"44",1,6,8
"45",1,5,6,8
"46",1,2,5,6,7
"47",1,4,7,8
"48",3,7
"49",2,7,8
"50",1,5
"51",3,4,5,7,8
"52",1,3,6
"53",1,3,6
"54",6,8
"55",1,3,4,5,8
"56",1,4,6,8
"57",3,5,6,7
"58",5,7
"59",1,2,3,6
"60",1,2,3,7,8
"61",3,6
"62",3,5,6,7
"63",1,2,5,6,7,8
"64",1,4,6,7
"65",3
"66",1,4,5,6,7,8
"67",1,3,4
"68",1,3,4,8
"69",3,5,7,8
"70",2,3,4,6,8
"71",1,3,4,8
"72",1,3,4,8
"73",3,6,7,8
"74",1,3,6
"75",1,5,6,7
"76",1,6,8
"77",7
"78",1,3,6,7,8
"79",6,7
"80",3,5,7
"81",5,6,7,8
"82",1,4,5
"83",1,7
"84",2,6,8
"85",5,6,7
"86",3,7
"87",7
"88",1,3,6
"89",3,5,6,7
"90",3,8
"91",1,3,5,7,8
"92",9
"93",1,5,6,8
"94",8
"95",3,5,6,7
"96",1,2,6
"97",3,5,7,8
"98",3,4,5,6,8
"99",3,5,6,8
"100",1
"101",1,3,7,8
"102",1,3,6,7
"103",2,3,4
"104",1,4,7,8
"105",1,2,3
"106",6,8
"107",1,2,3,5,7,8
"108",6,7
"109",1,4,5,8
"110",1,2,5,7,8
"111",1,3,4,6,8
"112",1,5,6
"113",3,6,8
"114",6,7,8
"115",1,2,3,7
"116",3,4,8
"117",1,6
"118",2,8
"119",1,2,3,5,8
"120",2,4,5,6
"121",1,3,6,8
"122",1,3,6,7,8
"123",1,3,6,7
"124",1,3,4,5,7
"125",3,6,7
"126",1,3,4
"127",4,5,8
"128",1,4,5,7,8
"129",3,5,6,7,8
"130",1,5,6,7,8
"131",1,8
"132",9
"133",1,3,8
"134",6
"135",3,8
"136",7
"137",1,3,5,8
"138",3,5
"139",1,3,5,6
"140",1,3,4,6
"141",3,6,8
"142",1,2,3,5,6,8
"143",4,8
"144",1,3,5,6,8
"145",1,5,6,7,8
"146",1,3,5,7,8
"147",1,3,5,6,7,8
"148",3
"149",1,5,6,8
"150",2,4,8
"151",3,6,7
"152",1,6,7,8
"153",3,4
"154",1,5,6,8
"155",1,6,7
"156",1,3,5,6,8
"157",1,3,7
"158",1,4,5,8
"159",5,8
"160",1,3,5,7
"161",3,8
"162",3,5,7
"163",1,3,5,8
"164",1,8
"165",1,5,6,8
"166",3,5,7
"167",3,7
"168",1,3,8
"169",3,5,7
"170",1,3,5,8
"171",1,4,8
"172",2,4,5,8
"173",1,5,6,7,8
"174",1,3,4,8
"175",1,3,6,7
"176",1,3,5,6,7,8
"177",1,3,5,6
"178",1,7,8
"179",3,6,8
"180",3,6,7
"181",2,3,5,6
"182",1,8
"183",6,7
"184",3
"185",1,5,6,7,8
"186",1,2,4,5,6,7,8
"187",3,7,8
"188",1,2,3,5
"189",1,3,8
"190",1
"191",1,2,3,5,8
"192",1,5,6,8
"193",1,3,6,8
"194",1,3,4,5,7
"195",1,3,4,5,7,8
"196",1,2,3,6,8
"197",1,5,6,8
"198",1,5,6,7
"199",1,3
"200",1,2,3,4,5
"201",1,6
"202",1,6,8
"203",2,6
"204",1,5,6
"205",1,4
"206",5,6,8
"207",1,2,6,7
"208",1,2,5,6,8
"209",3
"210",6
"211",1,4,5
"212",1,2,3
"213",4,8
"214",4,5
"215",1,3,4,7
"216",2,3,4,5,7,8
"217",2,7,8
"218",1,2,3,6,8
"219",6
"220",4,5,6,7,8
"221",3,4,6,7
"222",3,4,6,8
"223",4
"224",2,3,5,7,8
"225",1,5,6
"226",1,3,7
"227",1
"228",1,2,3,4,5,6
"229",1,4,5,8
"230",1,5
"231",4,6
"232",1
"233",1,3,5,6,8
"234",1,5,8
"235",1,3,4,5,6,7,8
"236",4,8
"237",6
"238",1,3,5,8
"239",1,3,4,7,8
"240",1,3,4,6,7
"241",3,5,6
"242",3,4,7,8
"243",3,7
"244",1,2
"245",4,8
"246",1,7
"247",1,5,8
"248",1,2,3,6,7
"249",1,5,6,7,8
"250",1,3,5,6
"251",1,2,6,8
"252",1,4,5,6,7,8
"253",1,2,3,4,6,8
"254",1,5,6,7
"255",1,4,7
"256",1,8
"257",1,3,4,6
"258",3,4,5,6,7
"259",1,3,4,5,7
"260",3,5,7
"261",1,3,5,6
"262",1,3,6,8
"263",4,5,8
"264",1,3,5,8
"265",2,4,5,7,8
"266",1,4,6
"267",3,6,8
"268",1,2,6,7
"269",2,3,7
"270",4,7,8
"271",1,3,6
"272",5,8
"273",1,5,7,8
"274",1,8
"275",1,3,6,7,8
"276",3,5,7
"277",1,4,6,8
"278",1,3,4,7
"279",3,5,6,8
"280",1,3,4,5,6
"281",4,8
"282",1,3,6
"283",1,3,5,6,7,8
"284",1,7,8
"285",3,4
"286",3
"287",1,3,4,6,7,8
"288",1,7,8
"289",1,3,4,6
"290",2,6,7,8
"291",9
"292",3,4,5,6,7,8
"293",1,2,3,5,6,8
"294",1,3,5,7,8
"295",1,4,5,6,7,8
"296",1,3,4,5,6,7,8
"297",3,5,8
"298",1,3,5,6,8
"299",3,6
"300",3,5,6
"301",2,4,7,8
"302",4,5
"303",3,5,7,8
"304",2,4,5,6,8
"305",3,4,6
"306",1,4,6,8
"307",2,3,4,8
"308",3,7
"309",1,4,5,7,8
"310",3,7,8
"311",2,3,5
"312",1,2,3,5,7,8
"313",1,6,7,8
"314",2,3,4,7
"315",1,5,7
"316",4,6
"317",1,3,5,6,8
"318",5,6
"319",2,6,7,8
"320",3,5,7,8
"321",2,7
"322",3,4,6,8
"323",1,6,8
"324",4,6,7,8
"325",1,6,7,8
"326",3,6,8
"327",3,5,8
"328",1,4,8
"329",1,5
"330",1,2,3,5,7,8
"331",1,3,4,5,6
"332",1,3,7
"333",3,4,7,8
"334",1,5
"335",2,3,5,6,8
"336",1,5,8
"337",1,3,6
"338",1,5,6,8
"339",1,2,3,5,8
"340",1,7,8
"341",1,4,5
"342",1,3,5,6,7
"343",3,4,5,7
"344",1,5
"345",2,3,5,6,8
"346",5,6,7,8
"347",1,3,4,6,8
"348",1,3,5,6
"349",1,4,7
"350",3,6
"351",1,4,5,6,8
"352",1,3,4,8
"353",1,3,6,7,8
"354",1,5,7,8
"355",3,5,6,7
"356",5,7,8
"357",3,6
"358",1,3,6
"359",3,5,7,8
"360",1,3,4,5,6,8
"361",1,3,5,6,8
"362",3,4,5,6,7
"363",2,3,5,7,8
"364",5,7,8
"365",4,6,8
"366",5,6
"367",6
"368",2,3,4,5
"369",1,3,7
"370",1,3,5
"371",1,3,7
"372",2,5,8
"373",4,7
"374",1,6
"375",6,8
"376",1,5
"377",1,3,7
"378",1,4,8
"379",8
"380",3,7,8
"381",1,3,5,6,8
"382",2,8
"383",1,3,4,7,8
"384",1,3,4,5,6,8
"385",3,5,8
"386",1,4,7
"387",1,5,6,7
"388",6,7,8
"389",1,4,6,7,8
"390",1,3,4
"391",1,3,4,5,7
"392",2,3,7
"393",3,4,6,8
"394",3,4,7
"395",1,3,5,6,8
"396",1,4,5,6,8
"397",1,3,5,8
"398",1,3,6,8
"399",3,8
"400",2,8
"401",1,2,4,6,7,8
"402",1,3,5,6,8
"403",5,7
"404",4,5,6
"405",6
"406",3,5,6,7
"407",6,7
"408",8
"409",1,4,7
"410",1,3,6,7,8
"411",1,3,7
"412",1,3
"413",1,2,7
"414",2,4,5,7
"415",1,2
"416",1,2,5,6
"417",1,3,5,8
"418",1
"419",1,4,5,6,7
"420",1,2,5,7,8
"421",1,5,6,7
"422",2,4,7,8
"423",2,4,5,8
"424",1,2,5
"425",3,6,8
"426",3,4,5,7,8
"427",1,4,5,6,8
"428",3,4,6,7,8
"429",2
"430",1,2,3,6,7,8
"431",3
"432",1,3,4,8
"433",5,8
"434",3,4
"435",2,8
"436",3,7
"437",1,3,6
"438",7
"439",1,4,8
"440",1,7
"441",2,6
"442",8
"443",2,4,7,8
"444",6,8
"445",1,8
"446",1,2,6,7
"447",4,8
"448",3,5,7
"449",1,7,8
"450",5,8
"451",3,5,8
"452",1,7
"453",6,7,8
"454",5,6,7
"455",2,3,6,8
"456",1,2,7,8
"457",2,7
"458",1,5,6,8
"459",1,7,8
"460",1,3,5
"461",1,3,5,6,7,8
"462",1,4,5,7
"463",1,3,4,6,7,8
"464",1,5,7
"465",1,6
"466",1,5,7,8
"467",3,4
"468",1,3,5,6
"469",2,4,5,6,7
"470",3,6,7,8
"471",7
"472",1,4,6,8
"473",1,2,3,6
"474",1,3,4,5,7,8
"475",2,5,7
"476",1,2,3,7,8
"477",1,4,7,8
"478",1,3,4,5,6
"479",1,3,5
"480",9
"481",1,2,3,7,8
"482",3,8
"483",3,8
"484",1,3,7,8
"485",1,3,6,8
"486",1,3,4,7,8
"487",2,8
"488",1,3,4,7,8
"489",1
"490",3,4,8
"491",1,2,3,4,6,7,8
"492",1,3,6,8
"493",1,3,5
"494",2,3,8
"495",1,5
"496",3,6,7
"497",1,3,6
"498",4,7
"499",1,6,8
"500",1,3,5
"501",1,6,8
"502",3,4,5,6,8
"503",1
"504",2,3,8
"505",3,4,5,6,7,8
"506",3,5,6,8
"507",1,3,5,8
"508",1,2,8
"509",1,5,8
"510",1,3,4,6,7,8
"511",1,6,7
"512",1,5,6
"513",1,2,5,6
"514",5
"515",2,8
"516",1,2,7
"517",4,5,7
"518",7
"519",2,3,4
"520",9
"521",1,7
"522",1,3,8
"523",1,3,4,5,8
"524",3,4,8
"525",3,5,8
"526",1,5,7,8
"527",6,8
"528",2,4,5,8
"529",1,6,7
"530",1,3,5,6,7
"531",1,4,5,6
"532",1,2,3,6
"533",1,2,6,7,8
"534",1,3,7
"535",2,4
"536",3,4,6
"537",2,3,5,6,7
"538",3,8
"539",1,2,5
"540",1,2,3,6,7
"541",1,2,3,6,8
"542",1,3,5,7
"543",1,3,6,7
"544",3,6,7,8
"545",1,3,5,7
"546",1,3,5,6,8
"547",1
"548",1,3,7,8
"549",1,2,3,5,6
"550",2,3,8
"551",1,6
"552",7,8
"553",1,3,4,5,6,8
"554",1,2,4,5,6,7
"555",5,8
"556",1,5,6,7,8
"557",1,5
"558",1,5,6
"559",1,4,7,8
"560",3,4,7,8
"561",1,2,3,4,5,6,7
"562",1,4,6,8
"563",1,3,4,7
"564",1,3,6,8
"565",1,3,6
"566",1,3,8
"567",4,5,7
"568",3,4,6,7,8
"569",1,2,3,4,6,7,8
"570",3,5,6,7
"571",1,3,5,7,8
"572",5,8
"573",1,4,6
"574",2,4,7,8
"575",4,6,7
"576",3,5,8
"577",1,2,7
"578",2,4,5,6,7
"579",1,2,3,4,5
"580",1,3,4
"581",4,6
"582",1,2,3,5,7
"583",1,4,8
"584",1,3,4,6,7,8
"585",1,7,8
"586",1,2
"587",1,3,6,8
"588",1,3,6
"589",6,8
"590",2,3,4,6,8
"591",2,3
"592",3,4,5,6,7
"593",3,6,7,8
"594",1
"595",3,6,7
"596",1,4,5,7
"597",1,2,5,6,8
"598",1,3,5,6,8
"599",1,3,6,7,8
"600",1,2,6,8
"601",3,7,8
"602",3,4,6,8
"603",1,5
"604",1,3,8
"605",6
"606",1,5,6,7
"607",1,5,6,7,8
"608",1,2,7,8
"609",1,3,6,8
"610",5,6,7
"611",4,8
"612",2,6,7
"613",1,3,6,8
"614",1,3,4
"615",1,4,5,6
"616",1,2,3,5,8
"617",1,3,5
"618",1,3,5,6,7,8
"619",1,3,4,5,6,7,8
"620",1,3,4
"621",3,6,8
"622",1,2,3,5,7,8
"623",1,4,6,8
"624",1,5,6,8
"625",1,6,7,8
"626",1
"627",2,3,5,7,8
"628",3,5,6,7,8
"629",2,3,4,5,6,8
"630",3,4,6,7,8
"631",1,5,6,8
"632",1,3,4,5,6,7,8
"633",1,5,7
"634",3,4,5,7,8
"635",1,3,7,8
"636",7
"637",3,5,8
"638",1,3,4,6,8
"639",6,7
"640",1,3,4,5,6
"641",2,3
"642",1,3,6,7
"643",3,5,6
"644",1,2,3,7
"645",1,4,8
"646",1,5,7,8
"647",2,3,5,8
"648",1,5,8
"649",1,3,4,6,7,8
"650",1,3,5,6,7,8
"651",5,8
"652",1,4,6,7,8
"653",3,6
"654",1,2,4,6
"655",3,4
"656",1,3,5,6,7,8
"657",1,3,4,8
"658",1,8
"659",1,2,3,5,6
"660",1,3,5,6,7,8
"661",3,6
"662",1,2,3,4,5
"663",2,3,4,5,6,8
"664",1,3,5,7
"665",2,3,5,6,7
"666",1,2,3,6,8
"667",1,3,8
"668",1,3,6,7
"669",3,8
"670",2,3,4,5,6,8
"671",6,7,8
"672",1,4,7
"673",3
"674",3,7,8
"675",1,6,8
"676",2
"677",1,3,6,7,8
"678",1,3,7,8
"679",1,2,6,7
"680",3,5,6,7
"681",1,2,5,6,7,8
"682",7,8
"683",3,6,8
"684",1,3
"685",1,3
"686",1,4,6,7,8
"687",1,3,4
"688",1,2,3,7,8
"689",1,4,7,8
"690",1,3,5,6,8
"691",1,2,7
"692",1,3,8
"693",1,6,7,8
"694",1,7
"695",3,5,6
"696",4,7
"697",7,8
"698",6,8
"699",1,3,8
"700",1,3,7
"701",1,6,8
"702",1,3,4,5,7,8
"703",1,3,8
"704",3,4,5,6,8
"705",3,8
"706",1,8
"707",1,4,7,8
"708",1,3,4,5
"709",7,8
"710",3,5,6,7,8
"711",3,5,7
"712",1,2,3,5,6,7,8
"713",1,2,6
"714",1,3,8
"715",1,4,5,6
"716",4,7,8
"717",4,7,8
"718",1,8
"719",4,5,7,8
"720",1,3,6,7,8
"721",1,3,4,7,8
"722",3,7,8
"723",1,2,3,4,5,7,8
"724",6,7
"725",1,4,6,7
"726",3,5,7
"727",1,3,6,8
"728",1,3,6
"729",3,5
"730",3,5,7
"731",1,6,7,8
"732",1,3,5,6,7
"733",3,6
"734",1,3,6
"735",5,6
"736",3,7
"737",2,5,6,8
"738",1,2,3,6,7
"739",1,3,4,6,8
"740",5,6,8
"741",1,3,7,8
"742",1,3,4,5,6,7
"743",1,3,8
"744",3,5,6,7,8
"745",4,6,7
"746",1,3,5,6,8
"747",1,3,7,8
"748",3,5,6,7,8
"749",1,4,8
"750",1,7
"751",5,6
"752",1,3,5
"753",3,7
"754",1,6
"755",2,4,5,8
"756",1,3,5
"757",1,8
"758",1,2,6,8
"759",1,6
"760",1,2,3,5,7
"761",1,3,5
"762",3,6,7
"763",1,3,4,5
"764",1,3,5,6,8
"765",1,3,4,6,7,8
"766",1,8
"767",1,3,6
"768",4,5,7,8
"769",8
"770",1
"771",2,5,8
"772",5,6
"773",1,5,7
"774",5,6,8
"775",6,7,8
"776",1,3,4,8
"777",1,4,5,8
"778",2,6
"779",1,6,7,8
"780",1,5,6,7,8
"781",3,5,6,7
"782",1,5,6,7
"783",1,2,8
"784",2,3,4,6,8
"785",1,3,4,6,8
"786",1,3,6,8
"787",1,3,5,8
"788",4,6
"789",1,3,8
"790",1,5,6,7
"791",1,5,6,7,8
"792",1,5,6,8
"793",1,2,3,5
"794",1,4,5,6,8
"795",1,3,4,5
"796",1,3,4,5,6,7
"797",1,5,6,7
"798",1,3,4,5,8
"799",3,5,6,7
"800",1,3,4,5,6,8
"801",1,3,5,6,8
"802",3,7
"803",7,8
"804",1,3,4,6,8
"805",3,5
"806",1,3,7,8
"807",1,5,6,8
"808",3
"809",1,6,7,8
"810",1,3,4,5,7,8
"811",1,3,5,7,8
"812",3,4,7
"813",1,2,8
"814",2,3,7
"815",2,3,5,8
"816",1,6,8
"817",6,7,8
"818",1,2,3,5,8
"819",1,2,3,6,7,8
"820",1,6,7,8
"821",1,3,7
"822",1,5,7
"823",1
"824",1,5,8
"825",1,2,3,6,7,8
"826",1,7
"827",1,3,5,8
"828",3
"829",1,2,3,7,8
"830",3,5,6
"831",1,3,5,6,7
"832",1,6
"833",3,4,5,6,7,8
"834",1,2
"835",2,5,6
"836",1,5
"837",1,3,4,7,8
"838",1,3,4,5,6,7
"839",1,7
"840",4,5,7
"841",3,5,6,8
"842",5,6
"843",1,2,3,6,8
"844",1,4,6,7
"845",1,3,5,8
"846",3,4,5,8
"847",2,3,4
"848",2,6,7,8
"849",1,3,5,7
"850",1,3,5
"851",1,4,5,8
"852",6
"853",2,3,4,5
"854",6,8
"855",3,4,5,6,7,8
"856",1,2,3,6,7
"857",1,3,6,7
"858",1,2,3,4,8
"859",3,5,6,7,8
"860",3
"861",5,6,7,8
"862",3,4,5,6
"863",1,5,7
"864",1,5
"865",6,8
"866",1,3,5,6,7,8
"867",1,3,4,6
"868",1,3,6,7,8
"869",1,3,6,7,8
"870",1,5,7
"871",2,4,7,8
"872",1,7,8
"873",8
"874",1,4,5,8
"875",1,2,8
"876",1,4
"877",4,5,7,8
"878",1,5,6,8
"879",1,2,3,4,6,8
"880",4,5,7,8
"881",8
"882",6,8
"883",3,4,7,8
"884",1,3,5,7
"885",1,3,6,8
"886",3,4,5,6,8
"887",1,3,5,8
"888",1,5,6,7,8
"889",2,5,8
"890",4,6,8
"891",1,3,5
"892",1,2,6,8
"893",3,7
"894",1,2,3,4,5,6,8
"895",5,6
"896",1,3,7,8
"897",1,8
"898",2,3,6,7,8
"899",1,3
"900",1,3,4,5,6,7,8
"901",1,3,7,8
"902",1,3,8
"903",2,3,5,6
"904",3,4
"905",1,3,5,8
"906",2,3,4,7,8
"907",1,6
"908",1,6,8
"909",1,2,7,8
"910",1,4,6,8
"911",1,3,4,6,7,8
"912",3,4
"913",2,3,4,6
"914",5,6
"915",4,5,6,8
"916",1,4,5,6,7,8
"917",8
"918",1,6
"919",1,8
"920",3,8
"921",3,5,8
"922",1,3,7,8
"923",5,6,8
"924",1,6,7,8
"925",1,2,6,7,8
"926",2,3,5
"927",4,7
"928",1,3,5,8
"929",1,3,8
"930",2,5,6,7,8
"931",1,2,3,5,6,7,8
"932",1,3,4,5,6,7
"933",1,3,6,7
"934",9
"935",1,3,5,6
"936",1,2,8
"937",5
"938",1,6,7,8
"939",3,4,6,7
"940",2,3,4,7
"941",1,3,6
"942",3,5
"943",1,4,8
"944",5,6,7
"945",2,3,4,5,7,8
"946",3,8
"947",1,3,6
"948",1,3,7,8
"949",1,3
"950",1,3,7
"951",1,4
"952",9
"953",1,2,3,6
"954",3,5,8
"955",1,2,5,6
"956",9
"957",1,3
"958",3,4,5,8
"959",1,3,6,7
"960",3,4,5,6
"961",1
"962",1,2,3,8
"963",1,3,6
"964",3,5,6
"965",1,3,6,7,8
"966",3,4,7,8
"967",1,3,7,8
"968",2,3,4,8
"969",5
"970",1,3,4,8
"971",1,2,3,4,5,6,7
"972",2,6,7
"973",2,5,6
"974",3,6,8
"975",1,5
"976",2,5
"977",1,3,7,8
"978",3,4,6
"979",1,5,6,8
"980",3,5,6
"981",1,2,8
"982",2,5,6
"983",1,5,6,7,8
"984",3,5,7
"985",4,5,8
"986",4,5
"987",1,3,5,8
"988",1,3,6
"989",3,8
"990",7,8
"991",1,5,8
"992",3,6,8
"993",1,3,5,7,8
"994",1,5,6,8
"995",5,6
"996",1,3,5,8
"997",1,3,4,6,8
"998",1,3,5,7,8
"999",1,5,8
"1000",1,5,6
"1001",1,3,6
"1002",1,3,8
"1003",8
"1004",3,5,6,7,8
"1005",1,3
"1006",9
"1007",1,3,6,7
"1008",1,5,7
"1009",1,3,4,6,7
"1010",3,6,7
"1011",2,3,5
"1012",1,3,6,7,8
"1013",1,3,6,7
"1014",1,7
"1015",1,4,5,6,8
"1016",6,8
"1017",2,3,6,7,8
"1018",3,7,8
"1019",4
"1020",1,5,7,8
"1021",1,5,6,7
"1022",4,8
"1023",7
"1024",2,5,7
"1025",3,4,7,8
"1026",1,2,7,8
"1027",1,3,6
"1028",6
"1029",1,8
"1030",3,6,8
"1031",1,3,7,8
"1032",6,8
"1033",1,2,6
"1034",6
"1035",1,3,5,6,8
"1036",3,4,7
"1037",1,4,5,6,7,8
"1038",1,3,5,6,8
"1039",3,6
"1040",3,5,7,8
"1041",1,3,4,8
"1042",1,3,8
"1043",1,3,6,7
"1044",4,7
"1045",5,6,7
"1046",2,3,4,6,7,8
"1047",1,3,7
"1048",3
"1049",3,8
"1050",1,6
"1051",1,2,6,7
"1052",3,5
"1053",6,8
"1054",2,6
"1055",1,3
"1056",1,2,5,7
"1057",3,5,6,8
"1058",1,3,5,8
"1059",1,3,5,7
"1060",4,5,6,8
"1061",1,3,5,7,8
"1062",2,3,5,8
"1063",1,2,3,7,8
"1064",8
"1065",1,3,5,6,7,8
"1066",2,3,5,8
"1067",3,6,8
"1068",2,3,5,6,7
"1069",1,3,4,5,6,7
"1070",1,3,5,6,7
"1071",1,4,6
"1072",1,5,7
"1073",2,3,6,7,8
"1074",1,6,7
"1075",1,8
"1076",1,2,5,7,8
"1077",4,5,8
"1078",1,3,4
"1079",3,5
"1080",6
"1081",1,3
"1082",6
"1083",3,6,7,8
"1084",1,2,4,5,8
"1085",1,4,7,8
"1086",3,4,5
"1087",1,7,8
"1088",1,3,4,5
"1089",1,2,3,5,6
"1090",1,3,5,8
"1091",4,6,8
"1092",2,7
"1093",1,7
"1094",1,7,8
"1095",1,2,3,4,7
"1096",1,3,5,7
"1097",1,3,6
"1098",3,7
"1099",1,5,6,7
"1100",1,3,6,7
"1101",1,3,4,7,8
"1102",6,8
"1103",1,5,6,8
"1104",2,3,5,7,8
"1105",1,8
"1106",1,3,8
"1107",4,8
"1108",9
"1109",1,3,7
"1110",4,8
"1111",1,3,4,7,8
"1112",1,3,4,5,6,8
"1113",1,3
"1114",6,7
"1115",3,4,5,8
"1116",1,3,4
"1117",1,4
"1118",1,3,4,6,7,8
"1119",6,7,8
"1120",4,6,7,8
"1121",1,2,5,6,8
"1122",3,7
"1123",4,5
"1124",1,3,5,6
"1125",3,6
"1126",1,4,6,7,8
"1127",1
"1128",3,6
"1129",2,3,4,5,8
"1130",6
"1131",1,6,7
"1132",5,8
"1133",3,4,5,8
"1134",1,5,6,7,8
"1135",1,2,4,6
"1136",3,7
"1137",1,2,3,6,7
"1138",3,7
"1139",1,2,3,5,6,7
"1140",2,5,6,8
"1141",1,2,3,6,7,8
"1142",1,3,6,7
"1143",1,3,6,7,8
"1144",6
"1145",1,3,6
"1146",1,7,8
"1147",4,7,8
"1148",1,2,8
"1149",3,5,6,7
"1150",3,6,8
"1151",1,4,6,7
"1152",1,3,4,6,8
"1153",1,4,6,7
"1154",1,6,7
"1155",1,6,7,8
"1156",3,5,7,8
"1157",1,3,6,8
"1158",1,4,6,7,8
"1159",1,6,7
"1160",1,2,5,8
"1161",1,3,4,5,6,7
"1162",1,7,8
"1163",1,3,6,7
"1164",1,2,4,5,6,8
"1165",1,3,4,6,8
"1166",1,3,7
"1167",1,2,4
"1168",1,4,5
"1169",1,3,6,8
"1170",1,2,4,6,7
"1171",5,6,7
"1172",3,5,6,7,8
"1173",1,4,5
"1174",1,3,5,6
"1175",2,3,4,5,6,8
"1176",1,3,6,8
"1177",2,6
"1178",5
"1179",3,7,8
"1180",3,4,5,6
"1181",4,7
"1182",1,3,6,7,8
"1183",1,5,6,7,8
"1184",1,3,5,6
"1185",1,4,7
"1186",1,2,3,4,5,6,8
"1187",2,5,6,8
"1188",6,7
"1189",4,5
"1190",1,6
"1191",1,3,8
"1192",1,7,8
"1193",1,3,5,7
"1194",1,2,4,6
"1195",1,3,4,6,7,8
"1196",1,8
"1197",1,4,5,8
"1198",1,5,6,8
"1199",3,4,6
"1200",1,3,4,6,7,8
"1201",1,2,4,6,7
"1202",1,3,4,7
"1203",1,3,4,5,6,7,8
"1204",1,3,5,8
"1205",1,4
"1206",1,3
"1207",1,3,5,8
"1208",1,4,5,6,7,8
"1209",6
"1210",1,8
"1211",4,5,6,7
"1212",1,2,6,7,8
"1213",1,7,8
"1214",1,2,3,4,8
"1215",1,4,7,8
"1216",1,6,7,8
"1217",8
"1218",4,6,7
"1219",1,3,4
"1220",1,6
"1221",4,5,8
"1222",3,4,6,8
"1223",1,2,7
"1224",1,3,5,6,7
"1225",5
"1226",3,6,7,8
"1227",5,6
"1228",1,5,6
"1229",1
"1230",1,3,4,6,7,8
"1231",3,6,7,8
"1232",6,8
"1233",3,5,7
"1234",1,4,5,6,7
"1235",3,4,7,8
"1236",6,7
"1237",1,6,7
"1238",3,4,5,8
"1239",1
"1240",1,4,6,7,8
"1241",1,3,5,6
"1242",6,8
"1243",1,3,4,6,7,8
"1244",1,3,8
"1245",1,6
"1246",3,4,5,7
"1247",1,2,4,5
"1248",3,5,6
"1249",5,6
"1250",1,4,8
"1251",5
"1252",1,3,6,7
"1253",1,3,4,6
"1254",1,4,6,8
"1255",3,5,6,7,8
"1256",1,4,5,6,7,8
"1257",1,3,7
"1258",1,3,6
"1259",3,6,8
"1260",1,3,8
"1261",1,3,4,8
"1262",2,3,6
"1263",1,2,3,4,6,7,8
"1264",1,4,5
"1265",3,4,6
"1266",1,2,3,5,6,7,8
"1267",1,3,5,6,8
"1268",1,3,4,6,7
"1269",1,5,8
"1270",1,3,5,8
"1271",1,4,5,7,8
"1272",1,6,8
"1273",3,4,7,8
"1274",1,3,4,8
"1275",1,6,7,8
"1276",3,8
"1277",9
"1278",1,3,4
"1279",3,5,6
"1280",3,4,8
"1281",4,6
"1282",3,5
"1283",3,6,8
"1284",1,2,3,8
"1285",3,5,7,8
"1286",1,3
"1287",1,4,5
"1288",1,3,7
"1289",1,3
"1290",1,3,5,8
"1291",1,3,6,7,8
"1292",1,7
"1293",1,2,3,4,6,7,8
"1294",1,2,3,4,7
"1295",1,3,5,6,8
"1296",1,5,6
"1297",1,3,4,7,8
"1298",1,3,7,8
"1299",1,6,7,8
"1300",1,3,6,7,8
"1301",6,7,8
"1302",1,3,4
"1303",1,3,5
"1304",1,3,4,5,6,8
"1305",2,3,4
"1306",1,3
"1307",1,2,4,6
"1308",1,3,5,6
"1309",1,6,7,8
"1310",3,7,8
"1311",3,4
"1312",1,2,3,6
"1313",1,3,6,8
"1314",3,6,7
"1315",1,3,4,5,6,8
"1316",1,3,6,8
"1317",3,6,7,8
"1318",4,5,7,8
"1319",1,4,6,7,8
"1320",5,6,7,8
"1321",1,3,7
"1322",1,3,5
"1323",1,2,4,6
"1324",1,3,7
"1325",1,3,5,6,7,8
"1326",3,4,5
"1327",1,2,5,6
"1328",1,3,4,5,6,7
"1329",1,7,8
"1330",1,6,8
"1331",1,3,6
"1332",1
"1333",5,6
"1334",1,5,6
"1335",3,4,7
"1336",1,5,6,7,8
"1337",1,5,8
"1338",1,3,5,7
"1339",2,3,8
"1340",4,6
"1341",1,2,4,5,6
"1342",3,4,6,8
"1343",7
"1344",3,4,7
"1345",1,5,6,7
"1346",1,3,6,7,8
"1347",1,6
"1348",1,2,3,5,8
"1349",3,5,6,8
"1350",3,6
"1351",1,5,6,7,8
"1352",1,5
"1353",3,6,8
"1354",1,5,6,7,8
"1355",1,4,5,7
"1356",1,2,3,5,7
"1357",3,6,8
"1358",1,5,7,8
"1359",1,6,8
"1360",1,5,6,7,8
"1361",5,6,8
"1362",1,3,6,7
"1363",1,3,6,7,8
"1364",1,5
"1365",1,2,3,6,7,8
"1366",3,8
"1367",1,5,7
"1368",3,5,6,7
"1369",1,3,5,6,7
"1370",1,3,5
"1371",5,8
"1372",3
"1373",3,7,8
"1374",1,2,3,5,6,8
"1375",1,4,5,6,8
"1376",1,5,6,8
"1377",5,8
"1378",4,5
"1379",1,2,3
"1380",3,4
"1381",1,3,4,6,8
"1382",1,6,7
"1383",1,3,5,7,8
"1384",1,2,5,8
"1385",4,6,8
"1386",7,8
"1387",1,3,7
"1388",1,3,5,6
"1389",3,6,7,8
"1390",3,5,8
"1391",3,8
"1392",1,7,8
"1393",3,6,8
"1394",3,5,6,7,8
"1395",1,2,3,4,6,7,8
"1396",1,7,8
"1397",1,5,6,7,8
"1398",1,2,3
"1399",1,2,3,8
"1400",1,3,4,5,7
"1401",1,2,3,6,7,8
"1402",1,3,6,7,8
"1403",1,8
"1404",2,6,8
"1405",1,4,8
"1406",5,6,7,8
"1407",1,3,7
"1408",3,8
"1409",1,7,8
"1410",1,3,4,5
"1411",3,6
"1412",1
"1413",3,5,6
"1414",1,2,3,5,7
"1415",1,3,7
"1416",1,3,5,7,8
"1417",1,3,5,6,7
"1418",3,6,8
"1419",3,7,8
"1420",5,6,7,8
"1421",1,3,4
"1422",1,3,6,7,8
"1423",1,2,6,7
"1424",1,2,3,4,7
"1425",1,2,6,8
"1426",1,3,5,8
"1427",5,8
"1428",5,6,8
"1429",1,5,6,7
"1430",1,3,6,7,8
"1431",1,6,7
"1432",4
"1433",3,6,7,8
"1434",1,3,6,8
"1435",3,7
"1436",1,2,3,4,6,7
"1437",1,2,6,8
"1438",1,3,4,8
"1439",1,3,4,6,8
"1440",2,3,5,6
"1441",3,4,5,6,7
"1442",4,7
"1443",3,4,6,7
"1444",1,2,7
"1445",1,3,5,6,8
"1446",1,4,6
"1447",2,4,5,8
"1448",4,6
"1449",3,7
"1450",1,3
"1451",9
"1452",3,6,8
"1453",1,5,6
"1454",1,3,6,7
"1455",6,7
"1456",1,2,3,4,6,8
"1457",3,8
"1458",2,3,5
"1459",6,7
"1460",1,3
"1461",5,6,7,8
"1462",1,2,5
"1463",1,4,8
"1464",2,5,6,7
"1465",3,7,8
"1466",1,4,7
"1467",2,4,6,8
"1468",4,6,7
"1469",1,2,3,4,6,7,8
"1470",1,5,6,7,8
"1471",1
"1472",8
"1473",5,6,7
"1474",1,7
"1475",1,2,4,6,7,8
"1476",1
"1477",3,7
"1478",1,3,5,6,7,8
"1479",1,5
"1480",3,6,8
"1481",2,3,8
"1482",1,3,4,6,7
"1483",1,2,3,6,7,8
"1484",1,3,4,8
"1485",1,3
"1486",3,4,5
"1487",3,4,8
"1488",3,6,7
"1489",1,3,4,6,8
"1490",1,2,4,6
"1491",3,4,7
"1492",1,4,5,7,8
"1493",1,2,7
"1494",1,4,5,6,7,8
"1495",1,3,5,8
"1496",5,7
"1497",3,5
"1498",3,4,5,6
"1499",1,4,6,8
"1500",1,3,6,7,8
"1501",7,8
"1502",1,3,6
"1503",1,4,6
"1504",1,2,6,8
"1505",1,2,3,7
"1506",2,6
"1507",6,7,8
"1508",1,3,6
"1509",4,6,8
"1510",3,4,7,8
"1511",1,3,4,6,7
"1512",1,3,6
"1513",3,6,7,8
"1514",1,4,7
"1515",9
"1516",8
"1517",2,3,5,6
"1518",3,4,5,6,8
"1519",1,6
"1520",6,8
"1521",3,7
"1522",1,3,7,8
"1523",4,7,8
"1524",1,6,7
"1525",3,6,8
"1526",1,3,5,6,8
"1527",2,5,6,8
"1528",3,6
"1529",2,3,4,8
"1530",1,3
"1531",1,7,8
"1532",6,7
"1533",1,2,8
"1534",3,5,6
"1535",1,5,8
"1536",3,7,8
"1537",1
"1538",1,3,5
"1539",3,6,7,8
"1540",3,6,8
"1541",4,6
"1542",1,2,5,6,7
"1543",1,2,6,7,8
"1544",2,3,4,5,7,8
"1545",1,5,6,7,8
"1546",3,7,8
"1547",2,4,8
"1548",3
"1549",1,4,6,8
"1550",3,7
"1551",5,8
"1552",1,2,5
"1553",2,7,8
"1554",5,6,8
"1555",1,3,5,6,8
"1556",1,7
"1557",6,7
"1558",1,5
"1559",1,2,3
"1560",1,3,8
"1561",1,3,4,5,6,7
"1562",1,7,8
"1563",1,3,4,7
"1564",3,7,8
"1565",3,4
"1566",1,6,8
"1567",3,6,8
"1568",1,5,8
"1569",1,6,7
"1570",1,5,6,7
"1571",6,8
"1572",1,5,6,7,8
"1573",3,5,6,7
"1574",3,4,5,7,8
"1575",1,2,3
"1576",4
"1577",1,3,4,7
"1578",1,3,5,8
"1579",3,4,5,6,8
"1580",2,3,8
"1581",1,2,5,6,7,8
"1582",1,4,5,7,8
"1583",7
"1584",1,3
"1585",1,7
"1586",4,6,8
"1587",1,6
"1588",1,4
"1589",1,7,8
"1590",1,2,3,5,7
"1591",8
"1592",1,2,3,5,6,7
"1593",1
"1594",3,6,7
"1595",1,3,6,7
"1596",1,3,5
"1597",5
"1598",3,5,6,7
"1599",8
"1600",3,4,6,8
"1601",2,4,5,6,8
"1602",1,4,5
"1603",2,3,5,7,8
"1604",3,6,7
"1605",3,7
"1606",1,2,3,5
"1607",1,3,6,7,8
"1608",5,6
"1609",1,2,6,8
"1610",1,3,7
"1611",1
"1612",4,7,8
"1613",1,5
"1614",4,5,6
"1615",2,4
"1616",1,4,6,7,8
"1617",5
"1618",2,3,7,8
"1619",2,3,8
"1620",2,6,8
"1621",1,2,4,6,8
"1622",3,4,6
"1623",1,4,6,8
"1624",1,2,3,7
"1625",2,3
"1626",1,5,7,8
"1627",1,6,7,8
"1628",4,5,6,7
"1629",5,6
"1630",2,3,4,6,7,8
"1631",5,8
"1632",1,3,4,5,6,7,8
"1633",1,2,3,4,8
"1634",1,3,5
"1635",1,3,4,5,6,7,8
"1636",2,5,6,7
"1637",1,2,3,4,5,7,8
"1638",1,5,6,7,8
"1639",1,3,4,5,8
"1640",3,4,5,6,8
"1641",1,4,6,8
"1642",5,8
"1643",1,3,8
"1644",1,3,4,6,7,8
"1645",3,4,6,7
"1646",1,4,6
"1647",1,2,7
"1648",1,3
"1649",2,3,7
"1650",1,4,5,6,7,8
"1651",1,3,4,7,8
"1652",1,3,4,8
"1653",1,7
"1654",3,5,6,7
"1655",2,3,5
"1656",1,2,3,4,6
"1657",1,2
"1658",3,5,6,7
"1659",1,3,4,6,7,8
"1660",1,7
"1661",1,3,5,6,7
"1662",1,3,4,6,7,8
"1663",1,2,5,6
"1664",7,8
"1665",1,6,8
"1666",1,4,7
"1667",3,4,5,6,8
"1668",3,4,6,7
"1669",1,4
"1670",1,6
"1671",1,3,4,6,8
"1672",1,3,5,6,7
"1673",3,4,6,7,8
"1674",5,7,8
"1675",1,8
"1676",1,6,8
"1677",1,2,3,7,8
"1678",1,2,3,4,5,6
"1679",1,3,4,5,6,8
"1680",3,5,6,8
"1681",1,3,4
"1682",1
"1683",1,6,8
"1684",4,6,7
"1685",1,4,5,6,8
"1686",1,2,5,7,8
"1687",1,4,5
"1688",1,6,8
"1689",1,3
"1690",1,5
"1691",2
"1692",1,3,8
"1693",7
"1694",3,4,5,6
"1695",1,5,6,7
"1696",1,2,3,6,7,8
"1697",1,3,6,7,8
"1698",3,6,8
"1699",3,6
"1700",3,7
"1701",1,3,4,6,8
"1702",1,3,6,7
"1703",1,3,5,6,7,8
"1704",1,2,3,4
"1705",3,4
"1706",1,2,6,7
"1707",1,3,4
"1708",1,3,6
"1709",1,6
"1710",1,3,4,5,6
"1711",1,3,5,6,7,8
"1712",2,4,6,8
"1713",1,2,3,5
"1714",1,4,8
"1715",7
"1716",1,5,6
"1717",1,7
"1718",1,3,5,6,7
"1719",1,3,7
"1720",1,5,7,8
"1721",1,5,7
"1722",1,3,7
"1723",1,3,5,6,7
"1724",1,3,6
"1725",1,3,4,6,7
"1726",1,4,5,7,8
"1727",1,4,6,8
"1728",4,6,7
"1729",1,2,3,6,7,8
"1730",3,4,7,8
"1731",2,6,7,8
"1732",5,7
"1733",1,2,3,6,7,8
"1734",3,8
"1735",1,5,8
"1736",1,3,4,6,7
"1737",2,5,6,7,8
"1738",1,6,8
"1739",1,3,5,7
"1740",1,2,3,4,6
"1741",1,3,7,8
"1742",3,8
"1743",1,5,7,8
"1744",1,5,6
"1745",1,3,5,7,8
"1746",3,4,5,7
"1747",1,3,4,5,7
"1748",1,4,8
"1749",1,4,7
"1750",3,6,8
"1751",2,3,5,7
"1752",3,4,6,7
"1753",3,6,7
"1754",3,5,7
"1755",3,4,8
"1756",1,4,6
"1757",5,8
"1758",1,3,4,5,6,7
"1759",1,3,6,7,8
"1760",2,3,7
"1761",1,5,6,7
"1762",1,3,4,7,8
"1763",1,3,8
"1764",6
"1765",2,7
"1766",1,5,6,7
"1767",1,3,4,6
"1768",1,2,5,6,8
"1769",3,5
"1770",2,5,7
"1771",2,3,5,7
"1772",1,3,4,5,6,7
"1773",2,4,7,8
"1774",3,4
"1775",3,5,8
"1776",2,3,6
"1777",1,3
"1778",1,3,6
"1779",1,3,7,8
"1780",1,2,3,5,6,7,8
"1781",1,3,5
"1782",3,5,6,7
"1783",1,3,5,6
"1784",3
"1785",1,3,6,7
"1786",1,2,6,7
"1787",3,5,6,8
"1788",1,3
"1789",1,3,4,5,7,8
"1790",3,4,7
"1791",3,6
"1792",5,6,8
"1793",1,6
"1794",5,7,8
"1795",6
"1796",1,2,4
"1797",3
"1798",1,3,5,6
"1799",1,3,5,6,8
"1800",1,2,3,5,6
"1801",3,4,5,6,7
"1802",1,2,3,5,7,8
"1803",3,5,6
"1804",1,3,6,7
"1805",1,2,7
"1806",1,3,6
"1807",3,4,6,7
"1808",4,5,7,8
"1809",1,3,4,5,6
"1810",1,3,5,6,7
"1811",1,5
"1812",5,7,8
"1813",3,4,5,6,7,8
"1814",1,5,6,7,8
"1815",3,6
"1816",1,6,7
"1817",1,3,4,8
"1818",1,6,7,8
"1819",2,3,6
"1820",1,2,3
"1821",4,6
"1822",5,6,7
"1823",1,3,4,7
"1824",1,5,6,8
"1825",3,5,8
"1826",3,4
"1827",1,3,4,5,8
"1828",3,5
"1829",3,5,8
"1830",1,3,5,7,8
"1831",3,5,6
"1832",1,5
"1833",3,4,6
"1834",3,4,5
"1835",6,8
"1836",1,3
"1837",1,6,7,8
"1838",1,3,5,6
"1839",1,6,8
"1840",1,3,6,7
"1841",1,3,6
"1842",1,5,6,7,8
"1843",7,8
"1844",1,2,4,6,7
"1845",1,5,6,7,8
"1846",1,4,5,6,7,8
"1847",1,3,6,7
"1848",3,5
"1849",1,2,3,4,8
"1850",1,3,4,7,8
"1851",3,4,6,7,8
"1852",1,3,4
"1853",1,4,6,7,8
"1854",1,2,3,5
"1855",1
"1856",2,5,7
"1857",1,2,3,4,6,8
"1858",1,6,7,8
"1859",5,7,8
"1860",1,4,7
"1861",1,2,3
"1862",1,5,6
"1863",1,2,4,6,7,8
"1864",1,3,6,8
"1865",2,3,4,5,8
"1866",1,3,5,7,8
"1867",1,2,6,7
"1868",1,3,4,5,7,8
"1869",1,2,4
"1870",1,3,7,8
"1871",3,5
"1872",1,3,5,7
"1873",3,6,7,8
"1874",1,4,6
"1875",1,2,5,6
"1876",1,3,5,7,8
"1877",1,3
"1878",2,4,8
"1879",3,4,6,8
"1880",2,5,6,8
"1881",1,5,8
"1882",3,5,7,8
"1883",3,6,8
"1884",1,4,5,8
"1885",1,3,5,8
"1886",1,2,5
"1887",1,7,8
"1888",1,3,4,5,6
"1889",1,3,5,6,7,8
"1890",2,5,7
"1891",1,3,4,6,7,8
"1892",1,5,6,7,8
"1893",1,6
"1894",1,7,8
"1895",1,2,3,6
"1896",1,3,5,6,8
"1897",1,3,6,7,8
"1898",3,4,6,8
"1899",3,4,5
"1900",1,3,4,5,7
"1901",2,3,5,8
"1902",2,6
"1903",1,2,5,8
"1904",7,8
"1905",1,6,7,8
"1906",5
"1907",3,4
"1908",1,2,4,7
"1909",1,3,5,7
"1910",3,5,7
"1911",1,6
"1912",5,6,7
"1913",1,3,8
"1914",3,7,8
"1915",1,6,8
"1916",4,6,8
"1917",1,3,6,8
"1918",1,8
"1919",1,2,5,7,8
"1920",1,2,3,5
"1921",1,3,6,7,8
"1922",1,3,4,6,8
"1923",1,6,7,8
"1924",1,2,3,5,6,7,8
"1925",1,4,7
"1926",1,4,6,7,8
"1927",1,2,4,6
"1928",1,4,5,8
"1929",1,3,5,7
"1930",3
"1931",1,6,7,8
"1932",2,3,5,7
"1933",1,3,5,8
"1934",3,5
"1935",2,6,7
"1936",3,5
"1937",3,7
"1938",1,3,5,6,7,8
"1939",1,3,6,7,8
"1940",4,7,8
"1941",2,3,6
"1942",5
"1943",3,5,7,8
"1944",2,3,6,8
"1945",1,3,7
"1946",1,3,7,8
"1947",1,2,3,5,6,8
"1948",1,4,7,8
"1949",1,4,5,7,8
"1950",2,3,5,7,8
"1951",1,2,3,5,8
"1952",6,7,8
"1953",1,2,3,6,8
"1954",3,4,7,8
"1955",1,3,6,7
"1956",3,8
"1957",1,5,6,7
"1958",3,7,8
"1959",1,5,7,8
"1960",1,3,5
"1961",3,5,8
"1962",1,7
"1963",1,3,4,8
"1964",1,6
"1965",1,3,6
"1966",1,2,3,7
"1967",1,4,5,6,7,8
"1968",9
"1969",3,4,5,6
"1970",3,8
"1971",2,3,6
"1972",1,5,6,8
"1973",3,5,6,8
"1974",1,2,3,6,7
"1975",1,3,4
"1976",5,6,7,8
"1977",3,4,7,8
"1978",1,5,7
"1979",1,3,6
"1980",1,3,7,8
"1981",1,6,7
"1982",1
"1983",1,2,4,7
"1984",2,6,8
"1985",2,3,4,6
"1986",1,3,6,8
"1987",3,6
"1988",3,8
"1989",1,3,4,8
"1990",5,8
"1991",1,2,3,5,6,8
"1992",1,6,8
"1993",1,3,4,6
"1994",4,8
"1995",8
"1996",1,3
"1997",3,4,6
"1998",5,6,7
"1999",2,7,8
"2000",1,5,6,7,8
