"1",1,2,4,6,8
"2",6,7,8
"3",1,2,3,4,6,7
"4",1,2,3,6,7
"5",1,2,3,5,6
"6",7
"7",1,2,3,4,5,6,7
"8",1,2,3,4,6,7,8
"9",1,2,3,5
"10",3,5,8
"11",1,2,3,6,7,8
"12",3,4,8
"13",1,2,4,6,8
"14",1,2,3,5,8
"15",2
"16",1,2,3,4,6,8
"17",1,2,3,8
"18",5
"19",1,2,7,8
"20",1,2,4,6,7,8
"21",1,2,4,5
"22",3,7
"23",1,2,6,7,8
"24",1,2,3,5
"25",1,2
"26",2
"27",1,2,3,5
"28",1,2,3,6,7,8
"29",3,4,6,7,8
"30",1,2,3,7
"31",2,3,8
"32",2,4,5,6
"33",4,6,8
"34",2,6,7,8
"35",6,7,8
"36",1,2,3,4,6,7,8
"37",2,3,5,6,8
"38",3,8
"39",2,4,7
"40",1,2,3,7
"41",1,2,3,4,5,6
"42",1,2,3,4,8
"43",1,2,3,5,6
"44",1,2,5,6
"45",1,2,4,6,8
"46",3
"47",1,2,8
"48",1,2,3,5,8
"49",5,8
"50",1,2,3,4,5
"51",2,4,6,7,8
"52",1,2,3,6
"53",1,2,3,4,8
"54",2,3,4,7,8
"55",1,2,3,6,7
"56",1,2,5
"57",1,2,4,7
"58",1,2,4,7
"59",3,4,6,7
"60",3,7,8
"61",1,2,4,6,7,8
"62",1,2,5
"63",2
"64",2,3
"65",4,5,8
"66",1,2,4,6
"67",1,2,4,5,6,7,8
"68",1,2,4,6,8
"69",2,5,6
"70",2,6,8
"71",2,3,6,7,8
"72",1,2,3,7
"73",1,2,4,5,8
"74",5,6,7,8
"75",1,2,3,5,6,7
"76",1,2,3,6,7
"77",1,2,3,6
"78",1,2,8
"79",2,3,5,6,7
"80",1,2,3,5,6,8
"81",1,2,3,4,5,6,7
"82",1,2,3,6
"83",1,2,4,6,8
"84",8
"85",1,2,4,6,7,8
"86",1,2,4,6,7,8
"87",1,2,3,8
"88",2,4,5,8
"89",1,2,3,4,8
"90",1,2,5,6,7,8
"91",1,2,3,5
"92",2,3,4,6,8
"93",1,2,4,6,7,8
"94",2,7
"95",4,8
"96",2,7
"97",2,3,4,7,8
"98",1,2,5,6,7,8
"99",1,2,5,8
"100",1,2,3,4,5,6
"101",2,3,6,7,8
"102",1,2,3,4,5,6
"103",3,8
"104",1,2,5
"105",2,8
"106",1,2,4,5,6,7,8
"107",2,3,8
"108",5,6,8
"109",2,3,5,8
"110",2,8
"111",5,6,7
"112",1,2,4,5,6,7,8
"113",2,3,5,6,7
"114",1,2,3,6,7,8
"115",2,7
"116",1,2,3,7
"117",1,2,3,6
"118",3,7
"119",2,5,8
"120",4,5,6,7,8
"121",2,6,8
"122",2,5
"123",1,2,3,8
"124",1,2,3,5,6,7
"125",1,2,3,7
"126",2,3,4,5,6
"127",1,2,4,6,7,8
"128",4,5,8
"129",1,2
"130",5
"131",8
"132",2,3,5,6,7
"133",1,2,6
"134",1,2,3,7,8
"135",1,2,4,5,8
"136",1,2,3,8
"137",2,4,5,8
"138",1,2,5,6,7,8
"139",1,2,3,8
"140",1,2,3,4,5,8
"141",1,2,3,5,6,7,8
"142",3,5
"143",1,2,3,6,8
"144",1,2,4,6,7,8
"145",1,2,3,5,6,7
"146",1,2,3,4,5,6,8
"147",1,2,3,4,5
"148",1,2,3,8
"149",2,3,4,5,6,7
"150",3,6
"151",1,2,3,5
"152",1,2,7,8
"153",6,7,8
"154",1,2,3,7,8
"155",1,2,5,8
"156",1,2,4,8
"157",1,2,3,7
"158",2,3
"159",1,2,4,5,8
"160",1,2,3,6,7
"161",1,2,3,6
"162",1,2,3,4,5,8
"163",2,4,5,6,7
"164",2,4,5
"165",1,2,5
"166",2,5,8
"167",8
"168",1,2,3,5
"169",3,5,6
"170",1,2,6,7,8
"171",1,2
"172",2,3,5,6,7,8
"173",1,2,3,7,8
"174",1,2,6
"175",1,2,3,6
"176",1,2,3,4
"177",2,3,4,6
"178",1,2,5,8
"179",3,5,8
"180",1,2,5
"181",3,4,5,6,7,8
"182",1,2,4,6,7,8
"183",6
"184",2,3,5,6,7,8
"185",9
"186",2,5
"187",1,2,4,5
"188",2,3,4,6,7
"189",5
"190",1,2,3,6
"191",2,4,5,6,8
"192",1,2,6,7
"193",1,2,3,4
"194",1,2,4
"195",1,2,3,7,8
"196",2,3,4
"197",1,2,3
"198",1,2,3,4,6,7
"199",3,4,6
"200",2,4,5
"201",1,2,3
"202",1,2,3,6
"203",3,5,6
"204",1,2,5,8
"205",1,2,5,6
"206",1,2,3,4,5,8
"207",2
"208",3,7,8
"209",1,2,3,5,6
"210",1,2,3,5,6,7,8
"211",1,2,3,5,8
"212",2,3
"213",1,2,6
"214",1,2,5,6,7
"215",1,2,4,6
"216",5,6,7
"217",2,3,5,6,8
"218",5
"219",3,7
"220",1,2,3,6
"221",1,2,5,8
"222",2,3,4,8
"223",2,3,5,8
"224",4,5,6,7
"225",3,6
"226",2,5,6
"227",1,2,4
"228",3
"229",1,2,3,5,6,7,8
"230",1,2,5,8
"231",1,2,4,5,6
"232",1,2,3,4
"233",1,2,3,5
"234",2,3,6,7,8
"235",1,2,5,8
"236",1,2,3,5,8
"237",1,2,3,5
"238",1,2,5
"239",1,2,3,5,6,7
"240",1,2,3,4,6,8
"241",1,2,4,5,6,7
"242",1,2,4,5,6,7
"243",1,2,3,6,7
"244",4,5,6
"245",1,2,6
"246",1,2,3,5,6,7,8
"247",1,2,3,5
"248",2,3,5,6
"249",8
"250",1,2,4,6,8
"251",2,6,7
"252",1,2,4,5,6,7
"253",2,3,5,6,7
"254",2,3,4,6,7
"255",1,2,3
"256",1,2,3,5
"257",1,2,6,7
"258",1,2,3
"259",1,2,3,5,6
"260",1,2,3,5
"261",1,2,4,5
"262",1,2,5
"263",1,2,4,7,8
"264",1,2,4,7,8
"265",2
"266",5,8
"267",1,2,6,7
"268",2,5
"269",2,3,5,8
"270",9
"271",1,2,5,6,8
"272",1,2,4,6,7,8
"273",1,2,4,6,7,8
"274",1,2,3,7,8
"275",1,2,7,8
"276",1,2,3,5,6
"277",1,2,3,4,6,7
"278",1,2,3,5
"279",1,2,3,5,6
"280",1,2,3,6,7,8
"281",1,2,5
"282",6,8
"283",1,2,5
"284",1,2,6,8
"285",1,2,3,4,5,6
"286",1,2,3,6
"287",1,2,3,4,6,7
"288",1,2,5
"289",1,2,3
"290",2,3,4,5,8
"291",1,2,3,5
"292",1,2,5,6
"293",2,3,4,5,6,7
"294",6,7
"295",1,2,6,8
"296",4,6,8
"297",1,2,4,5,6,7
"298",1,2,6,8
"299",1,2,4,6,7
"300",1,2,8
"301",2,3,5,6,7,8
"302",2,3,6
"303",1,2,3,5,8
"304",3,7
"305",2,3,4,5,6,7,8
"306",1,2,4,5,6,8
"307",2,3,4,5,8
"308",6
"309",2,3,6,8
"310",1,2,5
"311",5,6
"312",2,3,6
"313",1,2,3,6,7
"314",7
"315",1,2,3,7,8
"316",1,2,6,8
"317",1,2,3,8
"318",2
"319",5,8
"320",1,2,3
"321",9
"322",1,2,3,6
"323",2,3,6,7,8
"324",1,2,3,4,8
"325",2,6,7
"326",2,4,7,8
"327",1,2,3,6,7,8
"328",1,2,4,7
"329",1,2,5,8
"330",3,7
"331",1,2,5,6,8
"332",1,2,3,8
"333",1,2,3,8
"334",1,2,4,5,6,7,8
"335",3,5,6,7
"336",1,2,8
"337",1,2,3,6,7,8
"338",3,5,8
"339",3,6,8
"340",2,3,5,6
"341",1,2,4
"342",1,2,6,7,8
"343",1,2,3,4,5,6,7,8
"344",1,2,3,7,8
"345",3,4,6,8
"346",1,2,4,8
"347",1,2,6,7,8
"348",1,2,3
"349",1,2,6
"350",3,4,6,7
"351",2,3,6,8
"352",6
"353",1,2,3,4,7,8
"354",1,2,6,7,8
"355",1,2
"356",1,2,4,5,8
"357",1,2,3,5,6,7,8
"358",2,5
"359",5,6,8
"360",1,2,3
"361",1,2,3,4
"362",6,7
"363",2,5
"364",1,2
"365",1,2,6,8
"366",1,2,3,6
"367",1,2,8
"368",3,4,5
"369",1,2,4,5
"370",1,2,3,6,8
"371",1,2,3,5,8
"372",9
"373",1,2,4,5,6,8
"374",1,2
"375",1,2,5
"376",1,2,3,5
"377",1,2,6,7
"378",1,2,3,6,8
"379",2,3,4,5
"380",1,2,3,4,8
"381",1,2,8
"382",2,5
"383",3,4,6,8
"384",1,2,3,4,6
"385",1,2,3,6,8
"386",1,2,3,5,6,8
"387",1,2,3,7,8
"388",1,2,3,4,6,8
"389",1,2,3,5,6
"390",1,2,3,4,5,6,7,8
"391",1,2,3,6,8
"392",4,5
"393",1,2,5,6
"394",1,2,3,6,8
"395",1,2,3
"396",1,2,5,6
"397",1,2,3,8
"398",1,2,3,4,6,7
"399",2,3,6,7,8
"400",4
"401",2,8
"402",1,2,3,6,7,8
"403",3,6,8
"404",3,4,5
"405",1,2,3,6
"406",1,2,6,8
"407",4,5
"408",1,2,3,5,8
"409",1,2,6
"410",1,2,3,7
"411",3,5,6
"412",2,5,6,7
"413",4,5,6
"414",4,5,6,8
"415",2,6,7,8
"416",2,5,6,8
"417",2,4,6,7
"418",1,2,3,6,8
"419",1,2,3,4,5,6,7
"420",2
"421",1,2,5,8
"422",3,6,7,8
"423",2,3,4,7,8
"424",2,8
"425",1,2,6,7
"426",1,2,7
"427",1,2,4,5,8
"428",1,2,8
"429",2,3,4,5,8
"430",2,3,6,7,8
"431",3,5,6,7,8
"432",1,2,5,8
"433",1,2,3,4,8
"434",1,2,5,6,7,8
"435",5,6,7
"436",1,2,3,5,6,7,8
"437",1,2,6,8
"438",1,2,3,6
"439",1,2,3,6
"440",1,2
"441",7
"442",3,7,8
"443",2,3,4,5,8
"444",2,3,5
"445",1,2,5,6,7
"446",2,3
"447",1,2,5,6
"448",1,2,3,5,8
"449",1,2,7
"450",2,3,4,8
"451",4,6
"452",1,2,5,8
"453",1,2,3
"454",1,2,6,7,8
"455",2,3,4
"456",3,4,8
"457",2,4,8
"458",1,2,3,6,8
"459",1,2,5,6,7
"460",1,2,3,4,6,7
"461",1,2,3,5,6,8
"462",1,2,3,5,8
"463",1,2,7,8
"464",1,2,5,6
"465",1,2,3,5,6,7,8
"466",1,2,3,7
"467",1,2,5
"468",1,2,6,7,8
"469",2,4,7,8
"470",5,6,8
"471",1,2,3,5
"472",1,2,3,5,8
"473",2,4,5,6,7
"474",1,2,3,4,6,7
"475",2,3,5,6,7
"476",3,7
"477",1,2,3,4,5,8
"478",1,2,7
"479",2,6
"480",1,2,7,8
"481",7
"482",1,2,6
"483",3,4,6,8
"484",1,2,3,8
"485",1,2,5,6,7,8
"486",1,2,6,8
"487",2,3,4,6,7,8
"488",1,2,4,5
"489",1,2,6,8
"490",1,2,4,7,8
"491",2,5,6,7,8
"492",1,2,8
"493",1,2,3,4,5,8
"494",5
"495",1,2,3,5,8
"496",1,2,3
"497",1,2,3,4,5,6,7
"498",2,3,4,5,6,7
"499",1,2,3,4,6
"500",1,2,3,5
"501",3,8
"502",1,2,3,4,5,6,7,8
"503",3,4,8
"504",2,3,4,5,8
"505",1,2,4,6,7,8
"506",2,3,8
"507",1,2,5,8
"508",2,3,5,8
"509",1,2,4,7,8
"510",1,2,3,5
"511",1,2,3,4,7
"512",1,2,5
"513",2,3,4,5,6,7,8
"514",1,2,3,5,6,7,8
"515",4,7,8
"516",2,4,8
"517",3,5
"518",1,2,3,6,8
"519",2,3,6,8
"520",2,7
"521",5,6
"522",1,2,3,4,7
"523",3,6,7
"524",3,4,5
"525",3,4,6,8
"526",1,2,3,7
"527",1,2,3,7
"528",3,5
"529",2,3,5,6,7,8
"530",1,2,3,8
"531",1,2,3,4,5,8
"532",4,5,6,8
"533",2,3,5,6,8
"534",2,3,4,8
"535",3,4,6
"536",1,2,5
"537",2,3,4,7
"538",1,2,3,5,6
"539",6,8
"540",4,6,7,8
"541",5,6,8
"542",3,4,7,8
"543",3,5,6
"544",1,2,4,6,7
"545",2,3,4,6,7
"546",1,2,4,5,6,8
"547",1,2,3,5,6,7
"548",1,2,3,4,6,7
"549",3,4,5,8
"550",8
"551",1,2,3,4,6,7,8
"552",1,2,3,4,6,8
"553",1,2,3,4,5,8
"554",2,3,5
"555",2,6,8
"556",1,2,5,6
"557",1,2,6,7,8
"558",1,2,3,4,5
"559",2,3,5
"560",1,2,4,5,8
"561",5,6,8
"562",1,2,4,5,8
"563",1,2,3
"564",1,2,3,7,8
"565",1,2,3,5,6,8
"566",1,2,4,5
"567",1,2,3,8
"568",1,2,3,4,6,8
"569",2,8
"570",1,2,4,6,7,8
"571",1,2,3,6,7
"572",1,2,6,7
"573",1,2,3,7
"574",5
"575",1,2,4,6,7,8
"576",1,2,4,5
"577",6
"578",2,3,6
"579",2,3,4,6,7,8
"580",1,2,3,4,6,7,8
"581",1,2,3
"582",2,5,6,8
"583",1,2,3
"584",1,2,6
"585",1,2,3,4,8
"586",6,8
"587",1,2,7,8
"588",1,2,3
"589",1,2,3,5,6,7,8
"590",3,5,6,7
"591",2,5,8
"592",6,7
"593",2,6,8
"594",1,2,3,6,7
"595",1,2,3,4,6,8
"596",1,2,3,4
"597",3,5,6,8
"598",2,4,5,8
"599",2,3,4,5,8
"600",2,5,6,8
"601",1,2,3,4,8
"602",3,4,5,6,8
"603",3,4,5,8
"604",1,2,5
"605",1,2,4,7,8
"606",1,2,5,6,7
"607",1,2,3,7,8
"608",5
"609",1,2,3,4,6,8
"610",1,2,5,6
"611",1,2,3,4,6
"612",2,3,5
"613",1,2,6,7,8
"614",1,2,6,8
"615",2,3,6,7
"616",2,3,5
"617",1,2,3,4,5,6,7,8
"618",1,2,3,8
"619",1,2,3,8
"620",1,2,3,6,8
"621",1,2,3,5
"622",2,3,4,5,6,8
"623",1,2,3,5,6,7,8
"624",2,3
"625",1,2,4
"626",3,4,7,8
"627",2,3,5
"628",1,2,3,7,8
"629",2,5
"630",2,3,5,6
"631",1,2,5,6,7
"632",1,2,3,4,8
"633",3
"634",1,2,6
"635",1,2,3,4,6,7
"636",1,2,3,4,8
"637",2,3,4,5,6,7,8
"638",1,2,3,8
"639",1,2,5,6,8
"640",1,2,3,4,6,7
"641",3,4,7
"642",3,7,8
"643",1,2,6,7
"644",5,8
"645",1,2,3,6
"646",1,2,4,5,6,8
"647",3,5,8
"648",1,2,5,8
"649",1,2,5,8
"650",1,2,4,7
"651",1,2,6,7,8
"652",1,2,3,5
"653",1,2,3,5,6,7,8
"654",2,5
"655",1,2,3,4,5,6
"656",1,2,3,5
"657",4,8
"658",1,2,3,4,7,8
"659",2,3,5,6,7,8
"660",2,6,7
"661",1,2,3
"662",3,4
"663",3,7
"664",1,2,4,5,8
"665",2,3,4,5
"666",3,4,6,7
"667",1,2,3,5
"668",3,7
"669",1,2,3
"670",2,3,5,8
"671",1,2,3,5,8
"672",2,3,5,6,8
"673",3,4,6,7,8
"674",3,5,6,7,8
"675",1,2,3,4,7
"676",2,3,6
"677",1,2,3,5,6,7,8
"678",1,2,5,6,8
"679",2,3,6,7,8
"680",1,2,3,5
"681",8
"682",1,2,7
"683",3,5,6,7
"684",1,2,3,5,8
"685",1,2,5
"686",1,2,6,8
"687",1,2,3,7
"688",2,4,6,7
"689",1,2,3,5
"690",1,2,4,5,6
"691",2,5,8
"692",2,3,5,6,7
"693",2,6,7,8
"694",1,2,3,4,8
"695",1,2,5,8
"696",1,2,3,5
"697",1,2,6,7
"698",1,2,4,5
"699",3,6,8
"700",1,2,5,6,7
"701",1,2,3,4,6,7
"702",1,2,3,8
"703",1,2,3,6
"704",3,4,8
"705",1,2,3,6,8
"706",2
"707",1,2,3,4,8
"708",1,2,3,8
"709",1,2,4,6,7
"710",1,2,3,5,6
"711",3,8
"712",3
"713",2,3
"714",1,2,4
"715",1,2,3,7,8
"716",1,2,3,8
"717",1,2,6,7
"718",1,2,3,5,8
"719",3,4,5
"720",1,2,4,6,8
"721",1,2,3,6,8
"722",1,2,3,6
"723",8
"724",3,4,6,8
"725",1,2,4,5
"726",4,5,6,7
"727",1,2,3,4,6,7
"728",1,2,4,6,7
"729",2,6,7
"730",1,2,3,6,8
"731",2,3,5,6,7,8
"732",1,2,3,4,7
"733",1,2,3,4,6,8
"734",1,2,3,4,5,6,8
"735",2,3,4,5,6,7,8
"736",1,2,3,6,7,8
"737",4,6,7,8
"738",2,5,6,7,8
"739",2,3,7,8
"740",1,2,5
"741",1,2,4,5,6,7,8
"742",6,8
"743",1,2,3,6,7,8
"744",1,2,3,4,8
"745",1,2
"746",3,7,8
"747",1,2,3,4,5,6,7
"748",1,2,3,7,8
"749",1,2,3,4,5,8
"750",1,2,5,6,7
"751",1,2,3,4,5
"752",1,2,3,8
"753",1,2,3
"754",1,2,3,6,7,8
"755",2,3,4,7,8
"756",1,2,7
"757",1,2,3,5
"758",2,3,6
"759",3,4,5,8
"760",2,3,6,7
"761",4,7,8
"762",1,2,6,7
"763",1,2,5,6,7
"764",1,2,6,7
"765",1,2,3,8
"766",1,2,3,6,7
"767",1,2,3,8
"768",1,2,3,6,8
"769",5,8
"770",1,2,3,4,5,6,8
"771",2,3,5,8
"772",1,2,5,8
"773",1,2
"774",1,2,5,6,7
"775",1,2,6
"776",3,7,8
"777",2,3,8
"778",2,4,5
"779",3
"780",1,2,3,4,6,7
"781",1,2,3,4,7,8
"782",1,2,3,5,8
"783",5,8
"784",7,8
"785",1,2,3,4,5,8
"786",2,6
"787",1,2,7
"788",1,2,3,5,8
"789",2,3,5,6,7
"790",1,2,7,8
"791",1,2,3,5,8
"792",1,2,4,6,7,8
"793",2,5
"794",1,2,4,5
"795",1,2,3,4,6,7
"796",1,2,3,7,8
"797",1,2
"798",2,4,5,8
"799",1,2,3,4
"800",1,2,4,5
"801",3,7,8
"802",1,2,5,6,7
"803",1,2,3,4,5,8
"804",1,2,3,8
"805",1,2,5
"806",1,2,4,5,6,7
"807",1,2,5,6,8
"808",1,2,3,5,6,8
"809",1,2,3,4
"810",3,6,7
"811",1,2,6,8
"812",1,2,6,8
"813",3,4,8
"814",3,4
"815",2,3,8
"816",1,2,6,8
"817",1,2,3,5,6,7
"818",3,6,8
"819",3,5
"820",1,2,3,6,8
"821",1,2,4,5,8
"822",3,6
"823",1,2,3,4,6,8
"824",1,2,5,6,7
"825",3,4,7
"826",1,2,4,6,7
"827",1,2,8
"828",1,2,3,6,8
"829",2,4,6,7,8
"830",1,2,4,5,8
"831",1,2,6
"832",5,6,7,8
"833",2,3,7,8
"834",3
"835",2,3,4,6,7,8
"836",1,2,5,6,7,8
"837",1,2,4
"838",1,2,3,8
"839",1,2,3,5
"840",1,2,3,6
"841",1,2,5,6,8
"842",1,2,3,4,6,7
"843",2,8
"844",1,2,3,7
"845",3,4,5,6,7,8
"846",1,2,5
"847",7
"848",2,4,5,8
"849",2,3,5,6
"850",1,2,3,5,6,8
"851",1,2,3,4,7,8
"852",1,2,3,7,8
"853",2,4,5,6,7,8
"854",3,7,8
"855",2,6,7
"856",2,5
"857",1,2,5,6,8
"858",6
"859",1,2,3,6
"860",1,2,4,5,6,8
"861",1,2,6,8
"862",3,7
"863",1,2,3,4,6,8
"864",1,2,3,8
"865",1,2,5
"866",1,2,3,5,6,8
"867",1,2,3,4,7
"868",1,2,3
"869",1,2,5,8
"870",1,2,3,7
"871",2,4,6,7,8
"872",1,2,3,6,7
"873",1,2,3,6,7
"874",1,2,6
"875",2,3,5,6,7,8
"876",1,2,6
"877",1,2,3,5
"878",1,2,4,5,6
"879",5,6,7,8
"880",2,6
"881",2,3,6,7
"882",1,2,4,5,6,7,8
"883",2,4,5
"884",3,4,5
"885",1,2,8
"886",5
"887",1,2,3,4,6,7,8
"888",1,2,4,7
"889",2,3,5,8
"890",1,2,6
"891",1,2,6,8
"892",2,8
"893",1,2,5,6,7,8
"894",5
"895",2,3,6,7,8
"896",6,7
"897",1,2,3,5
"898",3
"899",2,3,7
"900",3,4
"901",3,7,8
"902",1,2,3,4
"903",3,5,6
"904",1,2,3,4,5,6,7
"905",5,8
"906",2,3,6
"907",1,2,3,5,6
"908",1,2,6,8
"909",2,3,6
"910",1,2,4,5,6,7,8
"911",1,2,3,5
"912",5,6,8
"913",2,3,5,6
"914",4,6,8
"915",1,2,5,6,8
"916",1,2,6
"917",1,2,3
"918",1,2,5
"919",2,6,7,8
"920",1,2,3,4,6,8
"921",1,2,3,5
"922",3,5,6
"923",1,2
"924",1,2,3,6,7,8
"925",3,4,7,8
"926",2,3,4,6,8
"927",1,2,3,6
"928",1,2,7,8
"929",2,3,4,7
"930",2,3,6,8
"931",2,3,6
"932",1,2,3,5,6,8
"933",1,2,3,5
"934",3,4,5
"935",2,4,7
"936",2,3,5,8
"937",1,2,3,6,7
"938",1,2,5,6,8
"939",2,4,5,8
"940",5,8
"941",1,2,7
"942",2,5,8
"943",1,2,8
"944",3,5
"945",2,3,6,7,8
"946",1,2,4,5,8
"947",1,2,3,5,6,7,8
"948",1,2,5,6,7,8
"949",1,2,3,6,7
"950",1,2,5,6
"951",1,2,3,4,5,6,7,8
"952",1,2,3,6,7
"953",6,8
"954",6,7,8
"955",3,7,8
"956",1,2,3,4,6,8
"957",1,2,3,5,6
"958",1,2,3,6,8
"959",5,6
"960",1,2,3,4,6
"961",1,2,3,8
"962",2,4,5
"963",1,2,3,6,8
"964",1,2,5,6
"965",5,8
"966",1,2,5,6,7,8
"967",1,2,3,4,6,7
"968",2,6,7,8
"969",1,2,3
"970",3,4,5
"971",2,3
"972",6
"973",3,6,7
"974",1,2,4,5,8
"975",2,4,6,7
"976",2,3,4
"977",1,2,4,7
"978",1,2,4,5
"979",1,2,3,7,8
"980",3,5,6,7,8
"981",3,4,7
"982",5,6,7,8
"983",1,2,3,5,8
"984",1,2,4,5,6,7
"985",1,2,3,6,8
"986",1,2,4,5,6,8
"987",9
"988",3,7
"989",1,2,3,5,6,7,8
"990",1,2,3,4,6,8
"991",1,2,5,8
"992",2,3,5,6,8
"993",1,2
"994",1,2,4,5,6,7
"995",1,2,5
"996",3,4,5
"997",1,2,5
"998",2,3,4,7,8
"999",1,2,4,5
"1000",1,2,3,7,8
"1001",1,2,5,6,7
"1002",1,2,3,6
"1003",3,5,8
"1004",2,3,4,5,8
"1005",1,2,3,4,8
"1006",1,2,5,6
"1007",2
"1008",6,7
"1009",8
"1010",1,2,4,5,6,7
"1011",2,3,5,6,7,8
"1012",1,2,6
"1013",1,2,3,4,6
"1014",1,2,3,4
"1015",1,2,5,8
"1016",1,2,8
"1017",2,3,5
"1018",1,2,3,4,6,8
"1019",1,2,3,5,6,7
"1020",1,2,3,6,8
"1021",1,2,3,5,8
"1022",1,2,3,4,5,8
"1023",1,2,3,6,7
"1024",2,3,6,7,8
"1025",2,3,5,6,7,8
"1026",2,5
"1027",1,2,5,6
"1028",1,2,7,8
"1029",4,5,8
"1030",3,4,6
"1031",1,2,3,4,5,8
"1032",1,2,3,7
"1033",2,6,8
"1034",1,2,3,4,6,7
"1035",1,2,3,7
"1036",3,5,6
"1037",1,2
"1038",1,2,4
"1039",1,2,6
"1040",1,2,5,8
"1041",1,2,3,4,5,6,8
"1042",1,2,4,8
"1043",3,7,8
"1044",1,2
"1045",1,2,7,8
"1046",9
"1047",1,2,3
"1048",1,2,6,7,8
"1049",1,2,3
"1050",1,2,4,6,7,8
"1051",2,5,6,7,8
"1052",1,2,3,5
"1053",1,2,3,5
"1054",3,4,5,6,8
"1055",1,2,3,4,5
"1056",3,6
"1057",3,4
"1058",1,2,6,7
"1059",1,2,3,4
"1060",6,8
"1061",1,2,4
"1062",2,3,4,5,6,8
"1063",2,4,6
"1064",2,3,8
"1065",1,2,6,7
"1066",3,5,8
"1067",6
"1068",2,3,6,8
"1069",1,2,3,6
"1070",1,2,3,5,6
"1071",7,8
"1072",2,3,5
"1073",2,5
"1074",1,2,7
"1075",1,2,3,5,8
"1076",2,3,4,6,7,8
"1077",5,8
"1078",1,2,5,6,7,8
"1079",1,2,3,4,5,8
"1080",1,2,7
"1081",1,2,3
"1082",1,2,3,5,8
"1083",1,2,7
"1084",2,6,7,8
"1085",1,2,3,5
"1086",5
"1087",1,2,3,6,7,8
"1088",1,2,5,6
"1089",2,8
"1090",4,8
"1091",1,2,3,5,6,7,8
"1092",2,3,5
"1093",1,2,7
"1094",1,2,3,6,8
"1095",3,8
"1096",3,5,8
"1097",1,2,6,7,8
"1098",1,2,3,5,6,7,8
"1099",1,2,5,6
"1100",1,2,5,8
"1101",1,2,3,5,6,7,8
"1102",1,2,7
"1103",1,2
"1104",2,3,4,6,7
"1105",3,8
"1106",1,2,3,7
"1107",1,2,5,6
"1108",1,2,3,4,5,6
"1109",1,2,3,4
"1110",2,5,8
"1111",1,2,6
"1112",1,2,3,6,7
"1113",2,5,6
"1114",1,2,8
"1115",1,2,3,6,7,8
"1116",1,2,7
"1117",5
"1118",2,5,6,7
"1119",1,2,3,4,5,6
"1120",1,2,4,5,6
"1121",4,6
"1122",1,2,3,6,7
"1123",1,2,8
"1124",1,2,3,5,8
"1125",1,2,7,8
"1126",1,2,3,4,5,6
"1127",6,7,8
"1128",3,5,6,7,8
"1129",2,3,5,8
"1130",2,3
"1131",1,2,4,6,8
"1132",1,2,5
"1133",1,2,3,6,7,8
"1134",1,2,7,8
"1135",5,8
"1136",1,2,5
"1137",2,3,5,6,7,8
"1138",1,2,8
"1139",3,4,7
"1140",2,3,7,8
"1141",3,4,7,8
"1142",3,6
"1143",1,2,3,6
"1144",1,2,3,5
"1145",1,2,4,6,8
"1146",1,2,3,4,5,6,8
"1147",2,3,4,5
"1148",2,3,5,6,7,8
"1149",5,6
"1150",4,6,7,8
"1151",1,2,4,8
"1152",1,2,3,4,5,8
"1153",1,2,5,6,7,8
"1154",1,2,3,6
"1155",1,2,3,5,6,7,8
"1156",1,2,3,5,6,7
"1157",3,5,8
"1158",1,2,3,6,8
"1159",2,3,7,8
"1160",2,3,4,5
"1161",1,2,3,4,6,7
"1162",2,6
"1163",1,2,6
"1164",6
"1165",3,6
"1166",5,6,7,8
"1167",5,6,7,8
"1168",1,2,3,7,8
"1169",1,2,3,4,7
"1170",5,6,7,8
"1171",6
"1172",1,2,5
"1173",1,2,3,7,8
"1174",1,2,8
"1175",3,6,7,8
"1176",1,2,3,7
"1177",4,5,8
"1178",1,2,3,5,6
"1179",1,2,6,7
"1180",1,2,7,8
"1181",1,2,3,6,7,8
"1182",1,2,3,5,6,7,8
"1183",1,2,3,7
"1184",1,2,4,5,6
"1185",1,2,3,4,6,8
"1186",2,4,5,6,8
"1187",4,6
"1188",1,2,5,6,7,8
"1189",1,2,7,8
"1190",1,2,3,5,6,8
"1191",2,3,4,5
"1192",3,8
"1193",1,2,3,5
"1194",2,8
"1195",5,6,8
"1196",1,2,4,7,8
"1197",1,2,4,5
"1198",3,6,7,8
"1199",1,2,8
"1200",2,8
"1201",2,5
"1202",2,5,6
"1203",1,2,6
"1204",1,2,3,4
"1205",1,2,3,8
"1206",1,2,5
"1207",1,2,6
"1208",1,2,3,4,5,6,8
"1209",1,2,3,4,8
"1210",1,2,3,4,8
"1211",5
"1212",2,5,6,8
"1213",1,2,3,5,6,8
"1214",3,6
"1215",1,2,3,5,8
"1216",1,2,4,8
"1217",1,2,3,6,8
"1218",2,8
"1219",1,2,3,5,6,7
"1220",1,2,3
"1221",1,2,6,7,8
"1222",1,2,3,6,8
"1223",4,7
"1224",1,2,3,4,6,7,8
"1225",1,2,5
"1226",1,2,3,5,8
"1227",1,2,3,4,6,7,8
"1228",1,2,5
"1229",2,3,6
"1230",1,2
"1231",1,2,4,5,6,7
"1232",1,2,4,5
"1233",2,3,4,5
"1234",1,2,8
"1235",1,2,3,5,6,8
"1236",1,2,3
"1237",1,2,3,4,6,7,8
"1238",1,2,3,5,8
"1239",1,2,3,5,6,8
"1240",6,7,8
"1241",1,2,4,7,8
"1242",1,2,3,7,8
"1243",1,2,3,5,6
"1244",2,3,6,7
"1245",1,2,3,7,8
"1246",2,4,6,7,8
"1247",3,5
"1248",1,2,4,5,6,8
"1249",1,2,6,8
"1250",3,8
"1251",1,2,3,5,6
"1252",1,2,3,6,7
"1253",1,2,6,7
"1254",1,2,4,5,6,7
"1255",1,2,3,6,7
"1256",1,2,6,7
"1257",7
"1258",1,2,3,5,6,8
"1259",1,2,3,4,5,6,7
"1260",1,2,6
"1261",1,2,3,5,6,7,8
"1262",3,7
"1263",2,3,6,7,8
"1264",1,2,3,6,8
"1265",1,2,8
"1266",6,8
"1267",1,2,3,7,8
"1268",1,2,3,5,8
"1269",1,2,3,7,8
"1270",1,2,4,8
"1271",1,2,3,5
"1272",2,5,6,8
"1273",1,2,6,7
"1274",1,2,3,5,8
"1275",1,2,3,4,6
"1276",2,3,6,8
"1277",2,3,5,8
"1278",2,5
"1279",1,2,3,4
"1280",1,2,3,5,6,7,8
"1281",1,2,5,6,8
"1282",1,2,3,5,6,7,8
"1283",1,2,4,8
"1284",2,3,4,6,7,8
"1285",1,2,5,8
"1286",1,2,4,5,6,8
"1287",5,6,8
"1288",1,2,3,6,7,8
"1289",2,6,8
"1290",1,2,5,6,8
"1291",1,2,7,8
"1292",1,2,3,7,8
"1293",3,5,6,8
"1294",2,3,4,5
"1295",1,2,3,5,8
"1296",1,2,4,5,6,8
"1297",6,8
"1298",1,2,4,6
"1299",1,2,5,8
"1300",6,7,8
"1301",1,2,3,5,8
"1302",1,2,3,7
"1303",1,2,5,6
"1304",1,2,4,6,7
"1305",3,4,7,8
"1306",1,2,6
"1307",7,8
"1308",1,2,4
"1309",1,2,4,6,7,8
"1310",1,2,3,5,8
"1311",1,2,7
"1312",2,3,4,5,8
"1313",1,2,3,4,5,6,7
"1314",1,2,3,4,6
"1315",1,2,3,7,8
"1316",1,2,3,5
"1317",1,2,4,5,6,7
"1318",1,2
"1319",2,5,6,8
"1320",1,2,3,6
"1321",1,2,3,6
"1322",1,2,4
"1323",3,5
"1324",1,2,6,7,8
"1325",2,3,8
"1326",1,2,3,5,6
"1327",2,3,4,7,8
"1328",1,2,3,4
"1329",1,2,4,5,6
"1330",1,2,6,7,8
"1331",1,2,4,8
"1332",1,2,6
"1333",1,2,3,6
"1334",1,2,6,8
"1335",1,2,3,5,6,7,8
"1336",1,2,3,6,7,8
"1337",1,2,4,7,8
"1338",1,2,3,4,5,6,7
"1339",3,4,5,6
"1340",1,2,3,5,6,7
"1341",7
"1342",1,2,6
"1343",1,2,8
"1344",2,6
"1345",1,2,7,8
"1346",1,2,3,4,5,6,7,8
"1347",1,2,3,4,5,6,7
"1348",5,8
"1349",2,4
"1350",1,2,4,8
"1351",1,2,5
"1352",1,2,5,6,8
"1353",1,2,3,4,8
"1354",1,2,3,4,5,8
"1355",1,2,3,5
"1356",3,7
"1357",1,2,8
"1358",1,2,5,6
"1359",1,2,3,6,8
"1360",2,8
"1361",3,6,7,8
"1362",5,6,7
"1363",1,2
"1364",4,6,8
"1365",2,6
"1366",1,2,7
"1367",1,2,3,6,7
"1368",1,2,5,8
"1369",1,2,5,6
"1370",1,2,5,6,8
"1371",2,5,6,7
"1372",1,2,5,6
"1373",1,2,3,5
"1374",2
"1375",1,2,3,4,6,8
"1376",1,2,3,5
"1377",2,4,5,6,8
"1378",1,2,6
"1379",2,3,8
"1380",1,2,3
"1381",1,2,3,4,7,8
"1382",2,3,6,8
"1383",1,2,4,5,8
"1384",2,4,7,8
"1385",1,2,3,7,8
"1386",2,3,6
"1387",1,2,3,6,7
"1388",1,2,3,8
"1389",4,7
"1390",1,2,6,7
"1391",1,2,3,5,6,7
"1392",1,2,6,8
"1393",2,3,8
"1394",1,2,3,4,6,8
"1395",2,3,6,8
"1396",1,2,3,4,7,8
"1397",1,2,5
"1398",3,7
"1399",4
"1400",2,3,5,6,7
"1401",3,4,5
"1402",2,8
"1403",1,2,6,7,8
"1404",3,4,6,7,8
"1405",1,2,3,5,6,7
"1406",6,7,8
"1407",4,8
"1408",1,2,5,6,7
"1409",1,2,6,7,8
"1410",1,2,4,7
"1411",5
"1412",1,2,4,7,8
"1413",1,2,7,8
"1414",3,5
"1415",1,2,4,7,8
"1416",1,2,4,5,6,8
"1417",1,2,3,6
"1418",3,6,7,8
"1419",1,2,4,6,7
"1420",1,2,6
"1421",1,2,4,6,7,8
"1422",1,2,3,4
"1423",8
"1424",2,4,6,8
"1425",3,6,8
"1426",1,2,3
"1427",1,2,7,8
"1428",4,5,8
"1429",1,2,3,6,7
"1430",1,2,3,4,5,6
"1431",1,2,3,8
"1432",2,3,7
"1433",1,2,3,6,7,8
"1434",1,2,6,8
"1435",4,6,7
"1436",2,3,5,6
"1437",4,6,8
"1438",1,2,6,8
"1439",1,2,4,5
"1440",2,3
"1441",1,2,3,6
"1442",1,2,5,6
"1443",1,2
"1444",7
"1445",3,4,5,6,8
"1446",1,2,3,8
"1447",3,6,8
"1448",1,2,3,6,8
"1449",2,6,7,8
"1450",1,2,3,6
"1451",1,2,3
"1452",2,3,4,6,8
"1453",3,5,6
"1454",1,2,4
"1455",1,2,3,8
"1456",3,6,8
"1457",1,2,4,5,6
"1458",5,6,7,8
"1459",1,2,3
"1460",1,2,3,6,8
"1461",1,2,3,4,5,6,7
"1462",2,3,5,8
"1463",4,6,8
"1464",2,3,5,6,7
"1465",1,2,3,7
"1466",1,2,3,4,7,8
"1467",2,3,5
"1468",1,2
"1469",3,4,7,8
"1470",1,2,3,7,8
"1471",1,2,3,8
"1472",1,2,4,5,6,7,8
"1473",1,2,3,5,8
"1474",4,8
"1475",2,5,8
"1476",1,2,4,5,8
"1477",1,2,3,5,8
"1478",1,2,3,7
"1479",1,2,6,7
"1480",1,2,4,8
"1481",3,5,6
"1482",1,2,3,5,6,7,8
"1483",2,5
"1484",1,2,3,4,6,7
"1485",1,2
"1486",1,2,3,4,5,6
"1487",2,3,6,7
"1488",1,2,3
"1489",1,2,6,8
"1490",2,4,5,6,7,8
"1491",2,3
"1492",1,2,3,4,6,8
"1493",2,6,7
"1494",2,3,7
"1495",1,2,3,8
"1496",1,2,3,7
"1497",1,2,3,6
"1498",3,8
"1499",1,2,3,4,6,7,8
"1500",2,3,4,5,6
"1501",1,2,3,5,6,8
"1502",2,3,4
"1503",1,2,3,6
"1504",2,6
"1505",8
"1506",7,8
"1507",6
"1508",1,2,7
"1509",1,2,6
"1510",1,2,5,6,7,8
"1511",1,2,3,5,8
"1512",1,2,4,5,8
"1513",1,2,8
"1514",1,2,3
"1515",1,2,3,5,6,7,8
"1516",1,2,3,7
"1517",2,6
"1518",1,2,3
"1519",1,2,4,5,6,7,8
"1520",1,2,5
"1521",3,5,6,8
"1522",1,2,3,5,8
"1523",3,5,6
"1524",1,2,7
"1525",1,2,3,4,6,7
"1526",1,2,4,5,6,7
"1527",3,5,8
"1528",1,2,4,5,8
"1529",3,6,7,8
"1530",1,2,6,8
"1531",2,3,7
"1532",2,4,6,8
"1533",3,7,8
"1534",1,2,5
"1535",1,2,3,8
"1536",1,2,3,4,8
"1537",2,3,4,8
"1538",1,2,8
"1539",1,2,5,6,8
"1540",2,6,7,8
"1541",1,2,3,5,6,7
"1542",2,6,7
"1543",5,6
"1544",2,3,5
"1545",1,2,4,5,6
"1546",1,2,4,5,6,7,8
"1547",2,4,6,7,8
"1548",1,2,3,6,7,8
"1549",1,2,3,5,6,7,8
"1550",1,2,5,6
"1551",1,2,3,5,8
"1552",3,5,8
"1553",7,8
"1554",1,2,3,5
"1555",3,6
"1556",1,2,4,8
"1557",1,2,3,4,8
"1558",1,2,3,7
"1559",3,5
"1560",1,2,3,5,6,7
"1561",1,2,3,6,7,8
"1562",1,2,7
"1563",1,2,3,7
"1564",1,2,3,4,5,6
"1565",1,2,3,5,6,7,8
"1566",1,2,3,4,5,8
"1567",3,5
"1568",1,2,4,5
"1569",1,2,5,8
"1570",1,2,6,8
"1571",2
"1572",1,2,8
"1573",1,2,3,5,6
"1574",1,2,4,5,6
"1575",6,7,8
"1576",1,2,8
"1577",1,2,6,7
"1578",1,2,4,5
"1579",1,2,3
"1580",2,5,6,8
"1581",2,6,7,8
"1582",1,2,4,5,8
"1583",1,2,3,5,6
"1584",1,2,4,5,8
"1585",2,3,5,8
"1586",1,2,6
"1587",1,2,5,6,7
"1588",1,2,6
"1589",1,2,5
"1590",6
"1591",5,8
"1592",2,7
"1593",1,2,3
"1594",1,2,3,4
"1595",1,2,5
"1596",2,3,5,6,8
"1597",1,2,3,6,8
"1598",1,2,3,5,8
"1599",3,4,6,8
"1600",2,6,8
"1601",4,5,6
"1602",1,2,3,4,6,7,8
"1603",3,5,8
"1604",1,2,3,4,5,6,7
"1605",4,8
"1606",4,5,6,7,8
"1607",1,2,3,6,8
"1608",2,3,7,8
"1609",2,3,4,5,8
"1610",3,4,8
"1611",1,2,3,7,8
"1612",1,2,5
"1613",1,2,4,6,7,8
"1614",1,2,3,4,5,6,7
"1615",3,5
"1616",1,2,6,8
"1617",1,2,3,4,8
"1618",3,4,6,8
"1619",4,7,8
"1620",3,5
"1621",3,4,5
"1622",1,2,5
"1623",1,2,3,5
"1624",5
"1625",3,4,7,8
"1626",1,2,3,5,6
"1627",2,7,8
"1628",1,2,4,7,8
"1629",1,2,3,4,7,8
"1630",3,5
"1631",1,2,6,7,8
"1632",1,2,7,8
"1633",7,8
"1634",1,2,3,4,5
"1635",1,2,3,6,7
"1636",3,6,8
"1637",2,3,5,6,8
"1638",1,2,3,6,8
"1639",1,2,3
"1640",1,2,3,8
"1641",1,2,3,5,6
"1642",1,2,3,5
"1643",3,4,7,8
"1644",1,2,3,4,6,8
"1645",1,2,5,6,8
"1646",1,2,8
"1647",5,6
"1648",1,2,8
"1649",3,8
"1650",1,2,4,5,6,7,8
"1651",2,7
"1652",3,7,8
"1653",1,2,4,5,6,7,8
"1654",1,2,4,5,6,8
"1655",6,7,8
"1656",3,6,7,8
"1657",2,6,7
"1658",5,8
"1659",1,2,6,8
"1660",1,2,3,6
"1661",1,2,3,4,5,6,7,8
"1662",1,2,3
"1663",2,3,5,6,7,8
"1664",6,7
"1665",1,2,8
"1666",1,2,4,5,6,8
"1667",8
"1668",1,2
"1669",8
"1670",1,2,3,6,8
"1671",1,2,5
"1672",1,2,3,6
"1673",1,2,4,6,7,8
"1674",1,2,3,6,8
"1675",2,3,8
"1676",1,2,6,7
"1677",9
"1678",5,8
"1679",5,6,7
"1680",5
"1681",1,2,6,7
"1682",1,2,3
"1683",1,2,3,5,8
"1684",1,2,3,4,5
"1685",1,2,3,5,6,7
"1686",2,5,6,7
"1687",2,3,7
"1688",1,2,7
"1689",1,2,3,8
"1690",1,2,3,5,6,8
"1691",4,5,6,8
"1692",1,2,3,4
"1693",2,3,4,5,8
"1694",1,2,3,6,7,8
"1695",1,2,3,4,5,8
"1696",2,3,4
"1697",1,2,3,4,7,8
"1698",1,2,3,4
"1699",6,7,8
"1700",1,2,3,6
"1701",1,2,6,7
"1702",1,2,4
"1703",1,2,5,6
"1704",2,3,5,8
"1705",1,2,3,5,6,7,8
"1706",2,3,5,6,8
"1707",3,5,6
"1708",2,3
"1709",3,8
"1710",1,2,6,7,8
"1711",1,2,4,5
"1712",3,5,6,7,8
"1713",2,3,6,7,8
"1714",2,3,7,8
"1715",2,3,4,5,6,7,8
"1716",1,2,8
"1717",1,2,3,5
"1718",1,2,4,7,8
"1719",1,2,4,5,6,7,8
"1720",1,2,4,6,8
"1721",1,2,3,4,5,6,8
"1722",1,2,4,7,8
"1723",1,2,4,6,7
"1724",1,2,3,8
"1725",1,2,3,5,6,7
"1726",3,4,6,7
"1727",1,2,5
"1728",2,3,5,8
"1729",5,8
"1730",3,5
"1731",3,4,5
"1732",1,2,7
"1733",2,3,4,7,8
"1734",1,2,4,7
"1735",3,4,6,8
"1736",1,2,3,7,8
"1737",2,4,7,8
"1738",1,2,3,4,6
"1739",2,5
"1740",2
"1741",1,2,5,6,7
"1742",1,2,3,6
"1743",2,3,8
"1744",3,5,8
"1745",1,2,3,5
"1746",1,2,6,7,8
"1747",1,2,3,6
"1748",2,3,4,6
"1749",2,3
"1750",3,4,6,7
"1751",5
"1752",1,2,3,8
"1753",1,2,3,5,8
"1754",1,2,3,6,8
"1755",1,2,3,8
"1756",1,2,6
"1757",1,2,5,8
"1758",1,2,3,7,8
"1759",1,2,3,4,5
"1760",2,3,5
"1761",1,2,3,5
"1762",1,2,5
"1763",1,2,3,5,6,7,8
"1764",3
"1765",2,8
"1766",1,2,6,7
"1767",1,2,6
"1768",3,5,6,8
"1769",1,2,3,4,7
"1770",3,7
"1771",2,3,8
"1772",1,2,8
"1773",3,5,8
"1774",2,4,6,7,8
"1775",1,2,3,5
"1776",2,7
"1777",1,2,3
"1778",1,2,3,5,6,7
"1779",1,2,4,5,6,7
"1780",3,8
"1781",2,4,8
"1782",2,7,8
"1783",1,2,3,4,7
"1784",2,5,8
"1785",1,2,3,4,5,6,8
"1786",5,6,7,8
"1787",1,2,7
"1788",1,2,3,4,5,8
"1789",1,2,5,6,7
"1790",1,2,3,7
"1791",1,2,3,4,5,6,7
"1792",2,5
"1793",3,5,6,7,8
"1794",3,4,6
"1795",3,6,7
"1796",8
"1797",1,2,3,6,7
"1798",1,2,6
"1799",1,2,8
"1800",3,6,8
"1801",2,5,8
"1802",9
"1803",1,2,3
"1804",2,3,7
"1805",2,3,5,6
"1806",4,7,8
"1807",2,3,8
"1808",1,2,3,4,6,8
"1809",1,2,3,5,8
"1810",3,5
"1811",3,4,5
"1812",1,2,4,5
"1813",1,2,3,6,7,8
"1814",2,3,6,7
"1815",1,2,3,4,5,6,8
"1816",1,2,6,8
"1817",2,8
"1818",2,4
"1819",7,8
"1820",6,8
"1821",1,2,3,5,6,7
"1822",1,2,4,8
"1823",3,5
"1824",1,2,3,4,5,8
"1825",1,2,3,5
"1826",1,2,4,6,7
"1827",1,2,5
"1828",1,2,5,6,8
"1829",1,2,3,6,7
"1830",1,2,8
"1831",2,3,6
"1832",1,2,4,6
"1833",1,2,3
"1834",2,3,7
"1835",1,2,4,5
"1836",1,2,3,8
"1837",1,2,3,5,6,7
"1838",1,2,3,4,7,8
"1839",1,2,3,4,6,7
"1840",3,4,6
"1841",3,6,7
"1842",1,2,5,8
"1843",1,2,4,5,6
"1844",4,5,6,8
"1845",3,4,6,8
"1846",1,2,4,5
"1847",1,2,6,7,8
"1848",2,5,6
"1849",3,7,8
"1850",1,2,3,4,7,8
"1851",8
"1852",1,2,3,7
"1853",1,2,3,6,8
"1854",3,5,8
"1855",1,2,6,7
"1856",2,5,6,7
"1857",9
"1858",1,2,5
"1859",1,2,3,6,8
"1860",1,2,3,4,6
"1861",2,3,6,7
"1862",1,2,5,6,8
"1863",4,7,8
"1864",2,3,6
"1865",2,8
"1866",1,2,3,5,6,8
"1867",5
"1868",1,2,3,5,6,8
"1869",2,3,4,5
"1870",1,2,3,4,7,8
"1871",1,2,3,4,7
"1872",1,2,3,4,5
"1873",6,8
"1874",1,2,3,5,6,7,8
"1875",2,3,6,7,8
"1876",1,2,3,4,5,8
"1877",1,2,3,5,6,8
"1878",2,3,4,6,7
"1879",2,3,5,6,7
"1880",2,5
"1881",1,2,3,5,6,8
"1882",3,7,8
"1883",1,2,4,6,7,8
"1884",2,4,5,8
"1885",3,5,6,7,8
"1886",2,5
"1887",1,2,3,5
"1888",1,2,3,5,8
"1889",1,2,5
"1890",7
"1891",1,2,3,7,8
"1892",1,2,7,8
"1893",1,2,3,4,6
"1894",1,2,3,8
"1895",2,3,6
"1896",1,2,3,5
"1897",3,5,6,8
"1898",1,2,3,7,8
"1899",1,2,4,5,6,7
"1900",1,2,4,5,8
"1901",2,4,6,7,8
"1902",3,6
"1903",3,4,5
"1904",1,2,3,7
"1905",1,2,4,7,8
"1906",1,2,7,8
"1907",1,2,5,8
"1908",3,7,8
"1909",1,2,3,5
"1910",1,2,5,6,8
"1911",2,3,7,8
"1912",1,2,6,7
"1913",3,8
"1914",1,2,4,5
"1915",1,2,4,5,8
"1916",1,2,3,4,5
"1917",1,2,3,4,6,8
"1918",1,2,3,5,8
"1919",2,5,6
"1920",2,3,5
"1921",2,3,4,6,7
"1922",1,2,3,6
"1923",1,2,4
"1924",2,3,4,7
"1925",1,2,3,6
"1926",2,3,6
"1927",2,4,8
"1928",1,2,4,6
"1929",1,2,3
"1930",1,2,3,5,8
"1931",1,2,3,4,5
"1932",3,6,7,8
"1933",1,2,3,4,5,6,7
"1934",1,2,6
"1935",2,3,7
"1936",1,2,5,6,8
"1937",1,2,8
"1938",3,5,6,8
"1939",6,7,8
"1940",1,2,3,6,8
"1941",2,3,4,5,6,7,8
"1942",1,2,5,6
"1943",2,6,7
"1944",2,3,6
"1945",1,2,5,6,7
"1946",1,2,5
"1947",2,5
"1948",3,4,5,6,7
"1949",8
"1950",7,8
"1951",2,3,5
"1952",1,2,3,4,6,7,8
"1953",5,6
"1954",1,2,3,5,6,7
"1955",1,2,3,6,7,8
"1956",5,8
"1957",1,2,3,5
"1958",1,2,4,5,6
"1959",4,5,6,7,8
"1960",1,2,3,8
"1961",1,2,3,6
"1962",1,2,3,5,6,8
"1963",1,2,4,6,7
"1964",1,2,3
"1965",3,6
"1966",3,4,5,8
"1967",1,2,3,4,5,6
"1968",2,3,6,7,8
"1969",4,6
"1970",1,2,3,5,6,7,8
"1971",2,3,7
"1972",1,2,4,5,6,7,8
"1973",1,2,3,6,7
"1974",2,3,4,6,8
"1975",1,2,5,6,7
"1976",1,2,3,5,6,8
"1977",1,2,3,4,6,7
"1978",1,2,3,4,5,8
"1979",1,2,6,7,8
"1980",1,2,7
"1981",1,2,3,5
"1982",2,7,8
"1983",2,4,6,7
"1984",4,5,6,7,8
"1985",4,6
"1986",1,2
"1987",1,2,3
"1988",2,3,5,6,7,8
"1989",1,2,3,7,8
"1990",3,4,5,8
"1991",5,6
"1992",1,2
"1993",1,2,3,6,7,8
"1994",1,2,3,4,5,8
"1995",3,5,6,7
"1996",1,2,3,7,8
"1997",1,2,3,5
"1998",2,3,7,8
"1999",2,3
"2000",1,2,3,5,6,7,8
